MEMORY_INITIALIZATION_RADIX=2;
MEMORY_INITIALIZATION_VECTOR=
00111010110100110000000000000000,
00111110111001010000000000000000,
00111111110110000000000000000000,
00100000000000100000000000000000,
01001010111101010000000000000000,
00100100111010110000000000000000,
00101101111000100000000000000000,
00111100111100110000000000000000,
01000011111110100000000000000000,
00011111111110000000000000000000,
00110000111101000000000000000000,
00111000111110100000000000000000,
00110111110111010000000000000000,
00011011111100000000000000000000,
00101101111101100000000000000000,
00111111111101010000000000000000,
01000000111001110000000000000000,
01000110111001100000000000000000,
00110100111010010000000000000000,
00101111111100100000000000000000,
00111001111010000000000000000000,
00101011111101100000000000000000,
00100001110100000000000000000000,
00100111000001110000000000000000,
01001101111101000000000000000000,
00110101111110000000000000000000,
00100101111100010000000000000000,
00100110111110000000000000000000,
00100010111010010000000000000000,
00001111000000100000000000000000,
00111100110111010000000000000000,
00100110110111010000000000000000,
01000001111010100000000000000000,
00110000111001100000000000000000,
00101010111000110000000000000000,
00001011111101010000000000000000,
00110110111000010000000000000000,
00011100111100110000000000000000,
00011110111100010000000000000000,
00101111110101010000000000000000,
00010011111111110000000000000000,
00100111111001010000000000000000,
00100011111111000000000000000000,
00100001111111000000000000000000,
00101001111101000000000000000000,
00101001111001010000000000000000,
00100111110111110000000000000000,
00101110111101000000000000000000,
00110010000000000000000000000000,
00001001111110110000000000000000,
00100101110011110000000000000000,
00100011000000010000000000000000,
00010110111010010000000000000000,
00100111110111010000000000000000,
00011101000010100000000000000000,
00111001110011110000000000000000,
00100110111001110000000000000000,
00101000111000110000000000000000,
00011001111111100000000000000000,
00011111111011100000000000000000,
01001111111011000000000000000000,
00011010000101010000000000000000,
00010100000010100000000000000000,
00100100111010010000000000000000,
00110010111000010000000000000000,
01000011111001010000000000000000,
00111011111010010000000000000000,
00011000000010000000000000000000,
00110111111001000000000000000000,
00110000000001010000000000000000,
00111111111001110000000000000000,
00100110111010010000000000000000,
00111001111011100000000000000000,
00100010110110000000000000000000,
00110101110111100000000000000000,
00100110110011110000000000000000,
00110011111010110000000000000000,
01000110111011100000000000000000,
00100011111001010000000000000000,
01001110111001010000000000000000,
00111100111100010000000000000000,
00111001111111000000000000000000,
01000111111110100000000000000000,
00101001000000110000000000000000,
00100110111100110000000000000000,
00011011111100010000000000000000,
00101011111010000000000000000000,
00011100111000000000000000000000,
01001001111000100000000000000000,
01010111111010010000000000000000,
00010100000011110000000000000000,
00011011111111010000000000000000,
00100010111001010000000000000000,
00011111111001010000000000000000,
00111011111010100000000000000000,
00110110111100110000000000000000,
00010111111011010000000000000000,
00100000111010000000000000000000,
00101101110100100000000000000000,
00011110000000100000000000000000,
00011000111100100000000000000000,
01000100111001100000000000000000,
00010001111011110000000000000000,
00100110111101010000000000000000,
00110000111100000000000000000000,
00100001110010100000000000000000,
00010111111001010000000000000000,
00111101110101110000000000000000,
00110000111110010000000000000000,
00100101111011010000000000000000,
00100001111101100000000000000000,
01000101111011000000000000000000,
00011000111010110000000000000000,
00100110000010110000000000000000,
00101110111000000000000000000000,
00100010111101010000000000000000,
00011001111110110000000000000000,
00010100111010010000000000000000,
00100101000000110000000000000000,
01000011111000110000000000000000,
00011110110111100000000000000000,
00110100111000000000000000000000,
00011111000011110000000000000000,
00111010110111010000000000000000,
00100011000010100000000000000000,
01000000111101000000000000000000,
00100000110100000000000000000000,
01001100111001000000000000000000,
