1110010011101110
1110000010101000
0001111010110001
0001111101111000
1110000000110101
1110000100110010
0001110110001101
0001110111110101
1110000110011100
0001111010001011
0001111001100011
1110000100010001
0001110111011000
1110000001111001
1110000100101101
0001110111100010
1110000001001111
0001110010001010
1110001001110001
1110011000001010
0001111101010001
1110000100101111
1110000100101010
0001110100010011
1110010100100100
0001111100101000
1110000000010111
0001010011000001
1110000011010110
0001100011000111
1110100010111000
1110000100010101
0001110100011100
1110001011011101
1110000110100000
1110001101110010
1110000111011000
1110000000111111
1110001110011010
0001100111110101
1110100000001111
0001111010110010
1111011100110000
1110000111001110
0000011011001111
0001111100001100
0001010111001100
1110000010011100
1110000001111100
0001110110111100
1110111010001111
0001111110011101
1110000000100100
1110001010110101
0001111111110100
0001111011000001
0001001100101110
0001100101101001
1110000000100000
0001110111100011
1110000010000011
1110101111110001
0000101001111001
1110001110101101
1110000100110111
0001111000010011
0001111101110111
0001010000110001
0001110111101010
0001111001100111
1111011000010101
1110010001110011
0001111011111011
1110000110111100
0001010111101001
1110001100100101
1110000011100011
1110001111001010
0001110100110001
1110001110000111
0001111001101011
1110001010011001
1110000011111110
0001000100010110
1110000011101110
0001001101000011
0001111100000101
0001111011010011
0000001110011111
0001111110001000
0000100101101111
0001101100110010
0001111010010001
0001111011100010
1110001000110111
1110011101100100
0001010001001010
1111011100000000
1110000001101111
0001110100110011
1110000100011011
0001111101010000
0001110000111001
1110001010101100
1110101010010010
0001110110111100
1110001000001101
1110001001101000
0001110111101000
1110110111100110
1110001010001111
1110001011010011
1111011110100001
0001111101100001
1110001010110010
0001111000000011
1111101011011111
0001101001101100
0001110100100101
0001111011001010
1110001010101010
1110000010101101
0000101100000001
0001110011011110
0001000110010011
0001111110010011
0001110011011010
1110001001000001
