0011101011010011
0011111011100101
0011111111011000
0010000000000010
0100101011110101
0010010011101011
0010110111100010
0011110011110011
0100001111111010
0001111111111000
0011000011110100
0011100011111010
0011011111011101
0001101111110000
0010110111110110
0011111111110101
0100000011100111
0100011011100110
0011010011101001
0010111111110010
0011100111101000
0010101111110110
0010000111010000
0010011100000111
0100110111110100
0011010111111000
0010010111110001
0010011011111000
0010001011101001
0000111100000010
0011110011011101
0010011011011101
0100000111101010
0011000011100110
0010101011100011
0000101111110101
0011011011100001
0001110011110011
0001111011110001
0010111111010101
0001001111111111
0010011111100101
0010001111111100
0010000111111100
0010100111110100
0010100111100101
0010011111011111
0010111011110100
0011001000000000
0000100111111011
0010010111001111
0010001100000001
0001011011101001
0010011111011101
0001110100001010
0011100111001111
0010011011100111
0010100011100011
0001100111111110
0001111111101110
0100111111101100
0001101000010101
0001010000001010
0010010011101001
0011001011100001
0100001111100101
0011101111101001
0001100000001000
0011011111100100
0011000000000101
0011111111100111
0010011011101001
0011100111101110
0010001011011000
0011010111011110
0010011011001111
0011001111101011
0100011011101110
0010001111100101
0100111011100101
0011110011110001
0011100111111100
0100011111111010
0010100100000011
0010011011110011
0001101111110001
0010101111101000
0001110011100000
0100100111100010
0101011111101001
0001010000001111
0001101111111101
0010001011100101
0001111111100101
0011101111101010
0011011011110011
0001011111101101
0010000011101000
0010110111010010
0001111000000010
0001100011110010
0100010011100110
0001000111101111
0010011011110101
0011000011110000
0010000111001010
0001011111100101
0011110111010111
0011000011111001
0010010111101101
0010000111110110
0100010111101100
0001100011101011
0010011000001011
0010111011100000
0010001011110101
0001100111111011
0001010011101001
0010010100000011
0100001111100011
0001111011011110
0011010011100000
0001111100001111
0011101011011101
0010001100001010
0100000011110100
0010000011010000
0100110011100100
