MEMORY_INITIALIZATION_RADIX=2;
MEMORY_INITIALIZATION_VECTOR=
11111011,
100000000,
00001100,
11111011,
11111010,
11111011,
00001101,
00010011,
11111100,
00000101,
00001101,
11111010,
00001110,
11111010,
11111101,
00001011,
11111010,
00000111,
11111010,
11111001,
00000110,
00000101,
11111010,
00010000,
11111011,
00001110,
00001110,
00000101,
11111100,
11111001,
11111101,
11111010,
00000101,
11111100,
11111010,
11111001,
11111011,
11111100,
11111111,
00001010,
00000101,
00000111,
00001010,
11111100,
11111100,
00001100,
00000101,
11110100,
11111100,
11111010,
11111011,
00000100,
11111010,
11111001,
11111011,
00001110,
00001100,
11111010,
11111000,
11111010,
11111010,
00000101,
00000111,
11111011,
11111101,
00001011,
00001000,
11111000,
00001111,
00000100,
11111001,
11111000,
00001001,
11111001,
00000111,
11111011,
11111100,
11111011,
00001110,
11111010,
00001011,
11111010,
11111010,
00001110,
00000001,
11111010,
00001100,
00000111,
00001100,
00001111,
11111010,
11111101,
00000100,
00010001,
11111010,
11111000,
00000110,
00000001,
11111100,
00000001,
11111000,
00001101,
00001000,
11111011,
11111001,
00001010,
11111011,
11111101,
00000100,
11111001,
11111010,
11111010,
11111100,
00001000,
11111010,
00001000,
11111010,
00000111,
11111001,
00010000,
11111011,
11111010,
11111001,
00001101,
11111000,
00000010,
00001011,
11111100,
