00000000000110101111000011101100
11101011000101100000011001000000
00011101100111001110111000001110
11101010001011101110011001101111
11111110110111010001001100101110
00001110000111011110101100001110
11101000001110011110111001101011
00000010010101110001001101111111
00010110010100010001000100001010
11110011011110001110000000010010
00010110100111110000001011100110
11101111110101011111001100110101
11111100110101111110001100000111
11110100010110001111100101111101
11101011000011111111100111100010
00011001110101100001000010110000
