00000010110011101110001100010110
00000011110010011110111111101100
00000011110110001111001111001001
11111101001110011110101110000011
00010101010111000001000011001110
11100010111111101111100111010110
00000011001001100001100111011001
00011100010010001110011110111001
00011111100011111110011001100001
00010100010110101111011110001110
00011010000000101111100101101011
11101011010000010001011010010101
11110010001010011111000111001110
00000111101011000000110000000101
00001101000000010000001011001000
11100000000000011110011101011101
