00011111010001010000110110000001
11100100110100100001010000001001
00000111111011101111000000100110
00010000000010011111101101100100
00000110011111110000000011110011
11111100000100011110111000011001
11100001100111010000010101001011
11110111000101000001001101010001
11101111110100011111010111010011
11100001011001100000011001010001
11101011100101100000111010011011
00010011101111110000010010011010
00011101010010101111110011000111
00001111111000010000001100110010
00000100100100001111110010010011
11110010001000010000011000011101
