00000010101000110000011110000111
00010010001110110001001111100001
00010001010000111110111001100011
11100101000101000001001000100111
11100111000111000001010001011110
00000010111011001110011000000010
00000011110110110001110000101111
00000111110111100000011011101100
00000000100010011111100010101111
11100001111111011110010100011000
11110000100010100000001001100101
11110011010100001110110101001001
11100010011001100000011001001011
00010001111010010000001110000001
00000100000111001110000111100101
00011010010001110001111111110100
