0000000000011010
1110101101100111
0001111101000101
0000110110000001
0000001010100011
0000011110000111
0000001011001110
1110001000100110
1110100010011111
0000011001000000
1110010000011110
0001010000001001
0001001000111011
0001001111100001
0000001111001001
1111000000111000
0001110110011100
1110110011110100
0000011111101110
1111000011001001
0001000101000011
1110110011110010
0000001111011000
1111010011000101
1110011110100101
1110010001001011
0001000000001001
1111101100101011
1110001100110110
0001001000100111
1111110100111001
1110100100000100
1111111011011101
0001001100101110
0000011001111111
0000000011110011
1110010001011010
0001010001011110
0001010101011100
0001000011001110
0000111000011101
1110100100100000
1111110000010001
1110101110100101
0000001011101100
1110010111110101
1110001000110011
1111100111010110
1110100111100111
1110110011100100
1110000010001011
0000010101001011
0000001111011011
0001110000101111
0000001100100110
0001100111011001
0000001001010111
0001001101111111
1111011001111011
0001001101010001
0000011111011110
0000011011101100
0001110001001000
1110011110100001
0001011001010001
0001000100001010
1111000000000001
1111011001001101
0000000010001001
1111001001111111
0001111110001111
1110001101100111
1110111110100101
1110000000000010
1110000001011001
0000011001010001
1110000110100011
1110010000010101
0001010001011010
1111010000101011
0001011010011111
0000001011100110
1110101011100101
0000111010011011
1110111000011100
0000001001100101
0001101000000010
1111100101101011
1110111111010101
1111000110000011
0001001110111111
0000010010011010
1111001101010000
1110110000010100
1110100100101001
0001011010010101
1111110011010111
1110001010011011
0001110101001010
1111111111101001
1110000110111011
0000011001001011
1110111010000000
1111010001010001
1111000100100000
1111011011000000
0000111111100001
0000001100110010
0001000111101001
0000001110000001
0000011110101100
0000110000000101
1110110000100110
1111011101000011
0000010010010000
1111110010010011
0000010000011100
1110000001010101
0000110100000001
0000001011001000
0001100111010110
0001000010110000
1111000111010111
0000011000011101
0001101001000111
0001111111110100
1110000000000001
1110100011010010
