00000000000000000000111110001000
00000000000000000000000000000000
00000000000000000000000000000000
00000000000000000000000000000000
00000000000000000001001010011110
00000000001000010000000100010100
00000000000000000000000000000000
00000000000000000000001101001110
00000000000001110000000000000000
00000000000000000000000000000000
00000001111000110000000000000000
00000010000100110000000010110001
00000000000000000000000000000000
00000001110110010000000000000000
00000000000000000000101000010000
00000000000000000000000000000000
00000001011111010000010101000001
00010110000010100000000000000000
00000000100100000000000000000000
00000010110100000000000000000000
00000000000000000000000111010010
00000000000000000000001010011111
00000000000000000000000000000000
00000000000000000000011011011111
00000000000000000000000000000000
00000000000000000000010001001001
00000000000000000000000000000000
00000000000000000000000000000000
00000000000000000000000000000000
00000000000000000001000000111100
00000000000000000000000000000000
00000000000000000000000000000000
