00000010011001010000000000000000
00010000000100100000011101001111
00000001101111110000000000000000
00000110101000100000000000000000
00000000000000000000111001011110
00000001010100010000001010100101
00000000000000000000000000000000
00001100000100100000000000000000
00000000000000000000000000000000
00000000011100010000000000000000
00000001110100010000000000000000
00000100011010100000000000000000
00000000000000000000000000000000
00000000000000000000000000000000
00000001111110110000000001000011
00000000000000000000110111010101
00000000000000000000000000000000
00000011110000010000010010111100
00001101111011010000010101001101
00000000000000000000011111001110
00000000000000000000000000000000
00000000000000000000000101111110
00000110010111000000000110010111
00000101101011110000000111000111
00000000000000000000000000000000
00000000000000000000000101101000
00000000000000000000000000000000
00001100010101010000001001111011
00000000000000000000000000000000
00000010000101110000000000000000
00010001010000100000000000000000
00001100100011000000011001110110
