00010110010110100000000000000000
00000000000000000000000101000000
00000000000000000000010101110010
00001010010010100000000000000000
00000000000000000000010010010100
00000000000000000000000000000000
00001101011001010000100100011111
00000010100111100000001011010110
00000101100000000000000000000000
00000000000000000001001000001110
00000000000000000000000000000000
00000010000010100000010100011111
00001001111110010000000000000000
00000001010010010000000000000000
00000000000000000000000000000000
00000000000000000000000000000000
00000000000000000000000000000000
00001100101010010001001100100001
00000000000000000000000000000000
00000000000000000000010011001011
00000000000000000000010011110100
00000011110001110000000000000000
00001100101100110000000000000000
00000001000110110000011101111110
00000000000000000000000000000000
00000000000000000000000001010011
00000111010000110000010011101111
00000101100111100000001010101000
00000000000000000000010100100000
00000000000000000000000000000000
00000000000000000000000000000000
00000001011100010000000000000000
