00000000000000000000000000000000
00000000000000000000011001011011
00000000000000000000000000000000
00000001001100000000001010010001
00000000000000000000000010011000
00000100011010000000000000000000
00000000000000000000001100001111
00000010110001000000000000000000
00000100111011110000000000000000
00000000000000000000000000000000
00000011111111010000000000000000
00000000000000000000000000000000
00000000000000000000000000000000
00000000000000000000000000000000
00000010001011100000101001011100
00001100001101010000011000001010
00000000000000000000000010010011
00000000000000000000000000000000
00001101101100010000000000000000
00000000000000000000000000000000
00000100101111110000000000000000
00000000000000000000000000000000
00000000000000000000010000011110
00000001001111000000000100100100
00000001101011100000000000000000
00000000000000000000000000000000
00000000000000000000110100100101
00000000000000000000000010010000
00000000000000000001000001110000
00000000000000000000000000000000
00000000000000000000000000000000
00001010100010010000101101000001
