MEMORY_INITIALIZATION_RADIX=2;
MEMORY_INITIALIZATION_VECTOR=
00000101,
00000000,
00000000,
11111011,
00000110,
11111011,
11111010,
00000110,
00000100,
11111010,
11111001,
00000110,
00000110,
11111010,
00000011,
11111011,
11111010,
00000110,
00000110,
00000111,
11111100,
11111011,
00000110,
11111010,
11111011,
11111011,
00000101,
11111011,
00000100,
00000111,
00000011,
00000110,
00001001,
00000100,
00000110,
11111001,
00000101,
11111100,
11111111,
11111010,
11111011,
00000110,
11111100,
00000100,
00000100,
11111001,
00000100,
11110100,
00000100,
11111010,
00000101,
00000110,
00000110,
11111001,
11111011,
00000110,
11111010,
11111010,
00001000,
11111010,
00000110,
00000110,
00000111,
11111011,
11111101,
00000101,
00000111,
11111000,
00000110,
00000101,
11111001,
11111000,
00001101,
11111001,
00001010,
00000101,
00000100,
00000101,
11111011,
00000110,
11111010,
00000110,
11111010,
00000110,
11111100,
00000110,
11111110,
11111001,
11111010,
00000110,
11111010,
00000011,
00000100,
00000110,
00000110,
00001000,
00000100,
00000011,
00000100,
00000111,
11111000,
00000111,
00000100,
11111011,
11111001,
00000110,
00000101,
00000011,
00000101,
00000111,
11111010,
00000110,
11111100,
11111001,
00000110,
11111010,
11111010,
00000010,
11111001,
11111011,
11111011,
00000110,
11111001,
00000011,
00001000,
00000100,
11111111,
11111100,
