0000000000000000000000000000000000000000000000000000000000000000
0000000000011010111100001110110000011111010001010000110110000001
0000001010100011000001111000011100000010110011101110001100010110
1110101100010110000001100100000011100100110100100001010000001001
0001001000111011000100111110000100000011110010011110111111101100
0001110110011100111011100000111000000111111011101111000000100110
0001000101000011111011100110001100000011110110001111001111001001
1110101000101110111001100110111100010000000010011111101101100100
1110010100010100000100100010011111111101001110011110101110000011
1111111011011101000100110010111000000110011111110000000011110011
1110011100011100000101000101111000010101010111000001000011001110
0000111000011101111010110000111011111100000100011110111000011001
0000001011101100111001100000001011100010111111101111100111010110
1110100000111001111011100110101111100001100111010000010101001011
0000001111011011000111000010111100000011001001100001100111011001
0000001001010111000100110111111111110111000101000001001101010001
0000011111011110000001101110110000011100010010001110011110111001
0001011001010001000100010000101011101111110100011111010111010011
0000000010001001111110001010111100011111100011111110011001100001
1111001101111000111000000001001011100001011001100000011001010001
1110000111111101111001010001100000010100010110101111011110001110
0001011010011111000000101110011011101011100101100000111010011011
1111000010001010000000100110010100011010000000101111100101101011
1110111111010101111100110011010100010011101111110000010010011010
1111001101010000111011010100100111101011010000010001011010010101
1111110011010111111000110000011100011101010010101111110011000111
1110001001100110000001100100101111110010001010011111000111001110
1111010001011000111110010111110100001111111000010000001100110010
0001000111101001000000111000000100000111101011000000110000000101
1110101100001111111110011110001000000100100100001111110010010011
0000010000011100111000011110010100001101000000010000001011001000
0001100111010110000100001011000011110010001000010000011000011101
0000000000000000000000000000000000000000000000001111100100000000
1110010011100011111000000000001000011110101100010001111111111100
1110000000000001111000000000001000011101100100100001111000000011
1110000110100011000111101010010000011110010110001110000000000001
0001110111011001111000000000001011100001001100100001110111101011
1110000000000001000111001011010111100010100000011110010111110000
0001111111111101111000000000000111100000000011100001110100010001
1110010101010001000111111111110111100000000000100001010000101100
1110000000000001000110000111001111101010110111011110000000001101
0001110100101011111000101100111111100001100100111110001101000110
1110000111101001111000000001000011100011100010000001101000001100
1110011100011011000111101010101111110110110010111110000111010111
0000011011100000000111111111110100010110100000011110000000000101
1110000000000001000111011101100111101101110000110001111111111011
1110000000000001111000101011010000011111111111100001111011001000
0001000111100110000110010001100111100000000000010001110111101001
1110000000000001111011000010101100001000100010101110001110101011
1110000101001011000111100001000100011111111111100001010010100000
0001110111110100000111101001100011110101110000101110010010010111
0001111111111101111000011001011000010110011100101110001011110001
1110000000000010111000111100111100011101001011011110001101000110
0001111000110110111000101001101011100000000000010000111000010011
1110000000000011000101000100001100011111111011000001111011101100
0000001001101101000111111111110000001001011111010001101101100101
0001111010101001000111111111110111100010001001011110100100011101
0001010010100111111101100000111111100000000000010001110101011110
1110000000000010000111111111101100011100011100001110001001101001
1110101101010110000111011010100111100010000100011110001000111011
0001110111010110111011010101110111100010100000011110001011001111
1111011101101011000111111111111111100010100110100001111000100011
1111110000010110000110101010011000011101010111010001111111111100
1110001011000111111000000000001000001001111000110001110011110011
