0001100100000001
0001011011110001
0001011100011001
0000010111111011
0000010011110110
0000000100001011
0001001011111000
0000001111110111
0001110111100111
0000100111110001
0000010111101110
1111001011110100
1111101011110100
0000011000000101
1110101100010110
1111111011111110
1111010111110010
0010000100010110
0001001011101000
0000010111110100
0001000111110001
0001101111110111
0000000011101011
0000111111111000
0001010011101011
0001010111110010
0001011011101001
0001010011101110
0001101111110110
0000000011111010
0001111111101111
0001111111101101
0000100111100111
0000011111101000
0010000111111010
0001001111101110
0000101111111111
1111001100000011
1111110000001001
0000001111111100
0001100100001010
0000100011111101
0000111111110001
0001110011110001
0000100111111000
0000000111110111
0000111111111110
0001011111110001
0000000111111001
0000101011111001
0000000011111000
0000101100001001
0010001011110101
1111011111111001
0001010111110000
1111110011101001
0000001011111111
0000001011111001
0001010111101000
0001010111111000
0000011011111110
0000110011110011
0000110011111100
0000111011110000
0001011011110111
0000011011101000
0000001011101101
0000100011111001
0001000011110011
0001001011111110
0000100111110100
0001101111111100
0000011111110011
0000000011111001
0001101100001011
0000100100000111
0000101011101111
1110110111110010
0001110011101101
0000110011111111
0001000111111010
0000000011111111
0001000111100101
0000101111110001
0000011011101100
0001011111101101
0010000111101111
0000110011111000
0001100111101001
0000101011101111
0000011111101110
0010011111111011
1111110100001000
0000110111101000
0000011111101101
0001000000001000
0001101011111000
0000110111111010
1111010011110011
0000101111110110
1111101111110011
0000100111101000
0010000000001011
1111111011111010
0000101111101011
0000110011110110
0000011011101000
0001100111110000
0001100011100110
0010000011111101
1111111111110100
1111001011101111
1111101111111000
0001011011110101
0010100111110100
0000101011110111
0000010111110010
0001110100000001
0001100111110101
0001111011111011
0000001011100000
0000001111110001
0000110011101101
0001010100000010
0001011011110010
0001111100001010
0010101100011110
1111101111110001
