MEMORY_INITIALIZATION_RADIX=2;
MEMORY_INITIALIZATION_VECTOR=
00011001000000010000000000000000,
00010110111100010000000000000000,
00010111000110010000000000000000,
00000101111110110000000000000000,
00000100111101100000000000000000,
00000001000010110000000000000000,
00010010111110000000000000000000,
00000011111101110000000000000000,
00011101111001110000000000000000,
00001001111100010000000000000000,
00000101111011100000000000000000,
11110010111101000000000000000000,
11111010111101000000000000000000,
00000110000001010000000000000000,
11101011000101100000000000000000,
11111110111111100000000000000000,
11110101111100100000000000000000,
00100001000101100000000000000000,
00010010111010000000000000000000,
00000101111101000000000000000000,
00010001111100010000000000000000,
00011011111101110000000000000000,
00000000111010110000000000000000,
00001111111110000000000000000000,
00010100111010110000000000000000,
00010101111100100000000000000000,
00010110111010010000000000000000,
00010100111011100000000000000000,
00011011111101100000000000000000,
00000000111110100000000000000000,
00011111111011110000000000000000,
00011111111011010000000000000000,
00001001111001110000000000000000,
00000111111010000000000000000000,
00100001111110100000000000000000,
00010011111011100000000000000000,
00001011111111110000000000000000,
11110011000000110000000000000000,
11111100000010010000000000000000,
00000011111111000000000000000000,
00011001000010100000000000000000,
00001000111111010000000000000000,
00001111111100010000000000000000,
00011100111100010000000000000000,
00001001111110000000000000000000,
00000001111101110000000000000000,
00001111111111100000000000000000,
00010111111100010000000000000000,
00000001111110010000000000000000,
00001010111110010000000000000000,
00000000111110000000000000000000,
00001011000010010000000000000000,
00100010111101010000000000000000,
11110111111110010000000000000000,
00010101111100000000000000000000,
11111100111010010000000000000000,
00000010111111110000000000000000,
00000010111110010000000000000000,
00010101111010000000000000000000,
00010101111110000000000000000000,
00000110111111100000000000000000,
00001100111100110000000000000000,
00001100111111000000000000000000,
00001110111100000000000000000000,
00010110111101110000000000000000,
00000110111010000000000000000000,
00000010111011010000000000000000,
00001000111110010000000000000000,
00010000111100110000000000000000,
00010010111111100000000000000000,
00001001111101000000000000000000,
00011011111111000000000000000000,
00000111111100110000000000000000,
00000000111110010000000000000000,
00011011000010110000000000000000,
00001001000001110000000000000000,
00001010111011110000000000000000,
11101101111100100000000000000000,
00011100111011010000000000000000,
00001100111111110000000000000000,
00010001111110100000000000000000,
00000000111111110000000000000000,
00010001111001010000000000000000,
00001011111100010000000000000000,
00000110111011000000000000000000,
00010111111011010000000000000000,
00100001111011110000000000000000,
00001100111110000000000000000000,
00011001111010010000000000000000,
00001010111011110000000000000000,
00000111111011100000000000000000,
00100111111110110000000000000000,
11111101000010000000000000000000,
00001101111010000000000000000000,
00000111111011010000000000000000,
00010000000010000000000000000000,
00011010111110000000000000000000,
00001101111110100000000000000000,
11110100111100110000000000000000,
00001011111101100000000000000000,
11111011111100110000000000000000,
00001001111010000000000000000000,
00100000000010110000000000000000,
11111110111110100000000000000000,
00001011111010110000000000000000,
00001100111101100000000000000000,
00000110111010000000000000000000,
00011001111100000000000000000000,
00011000111001100000000000000000,
00100000111111010000000000000000,
11111111111101000000000000000000,
11110010111011110000000000000000,
11111011111110000000000000000000,
00010110111101010000000000000000,
00101001111101000000000000000000,
00001010111101110000000000000000,
00000101111100100000000000000000,
00011101000000010000000000000000,
00011001111101010000000000000000,
00011110111110110000000000000000,
00000010111000000000000000000000,
00000011111100010000000000000000,
00001100111011010000000000000000,
00010101000000100000000000000000,
00010110111100100000000000000000,
00011111000010100000000000000000,
00101011000111100000000000000000,
11111011111100010000000000000000,
