111111111001110010101011
000000000010111000110011
000000100110001001011100
111111111010101110001000
111111111010011110011011
000000001000010111010010
111111111101100010111101
111111111001101111101101
111111101101100101101011
111111111110100011001110
111111111110111001010000
000000000010111001100000
111111111101110001101001
111111111000000100001101
000000010100011110010101
000000000010111111001111
000000000001011010000110
111111110101101110100111
000000000111110111000011
000000000010111110111011
111111111110000101011011
111111110111101000010101
111111111100011001011011
111111111101011001001111
111111111110001000110100
000000000001101000101110
111111111101110111000001
111111111101001110100000
111111111011100110001111
111111111011110011011101
111111110010111010100000
111111101100001100100100
000000010000001011001101
111111111111011011001010
111111111111011010001010
000000001000101000000011
111111111100101100010000
000000000001101100101011
000000000101001001001110
111111111100001100111001
111111111110110001110101
111111110110101110010010
111111110100000101101011
111111111011101011011001
111111111010001000010111
111111111000111110000011
000000000100010101110110
111111111110110101011111
000000000011010100101110
111111111101011000011110
111111110111110110101011
111111111011000100011001
111111111011110100111111
000000000001101011101001
000000000110001000010001
111111110011110100011101
111111111000011000100000
000000000111001110000011
000000000101011000010111
000000001001101111001011
111111111111110101110110
111111111110100111100000
000000000001000011110110
000000000001101101110101
000000001101010110010010
000000000101111111111110
000000000010110001111110
111111110111011011000101
000000000101110001000010
111111111010011111011111
000000000111000100001001
111111101011101001101010
111111111101000011010010
111111111101110101001010
111111110010100001101100
000000000110110100100100
111111110111001101011011
111111111001001010010011
111111111010101011001000
111111110111001100101110
000000010010000100111001
000000000011001100000000
000000001000001100001011
000000001011011100101110
111111111111111011101110
111111111011111110101000
000000010000111001111010
111111111110101000101010
000000000000000100100111
000000000110011111001101
111111111101001010101011
000000001011010101111001
000000000001011100000110
000000000001001111000100
000000000010111110100101
000000010100111000001010
111111111110011101010101
000000000000000101100100
000000000000101000001000
000000001000001101100111
111111110111000101100011
000000000000101110111011
000000000011110001100100
000000000100001111011001
111111110110110010011011
111111111010100100011001
111111111110110000000101
111111111010011010011000
000000000100110010111001
000000010100111001111111
111111111101101111101101
111111110111010111111000
111111111011101101010001
000000000100110001101001
000000001000000000100011
000000001001011001000010
000000000101111010000111
111111100011101100001111
111111110110100100011101
000000010011111110110100
000000000001110110001110
111111111101011111100000
111111111100010111110000
111111111110100011000100
000000001100001000110101
000000100011000001111010
111111000110011101001101
000000000111000001001000
111111111000011110101111
111111101110000101011100
000000000100001001010001
000000011011111001010100
111111110011000100010110
111111101010010000000110
000000001010000111010111
000000001011000011010011
111111110111100111011101
000000010110001000111001
000000001001011100100000
000000000010101010111100
000000001001110100110011
111111101101101101101100
111111110100011101001011
000000001001110011101011
111111110011010100010111
000000001000001111100000
111111110100110000100101
111111110111100110100101
000000010001111001100000
111111100000011011101110
111111101110000110100110
000000001001011111011000
111111111111010011000011
000000001110000001000100
111110110110000011111100
000000010011111110110111
111111011000000010111100
000000001011101000001111
111111011011101000100010
111111100111010101011110
000000001101000010010000
111111111100000111000110
111111110011000001111011
111111110000011001111010
111111110101101101110101
111111100111001010011100
111111100111111110011001
000000000100100011110000
000000001010000000100101
000000010011010100101110
111111100000110010111111
111111111010100101001100
000000011001110100010011
000000001111111100100011
000000001000010000000001
111111011100100100101100
111111110110010100111100
000000110000101000001101
111111101101001110101010
000000011110110100101111
111111011110110101100000
111111110010001011011100
000000111000100011110011
000000010001000000100100
000000010010101100101010
000000100101101100011000
111111011011011110010100
000000011111011101001011
111111110101000111001011
111111010111110110011001
000000010010000011100010
111111100110001010100001
111111101000000000011000
000000010010001101101000
000000001001000101010110
000000011101010001101000
000000001101001111100110
111111110101100000100001
111111110010010101110110
111111111011011100011010
000000001011010111111010
111111101110101101011101
000000001010110000111101
111111110010011011001000
111111100100101011000100
111111111010110110000100
000000001100111011011101
111111111000101110101100
000000001010001111101011
111111101010111000101001
111111110111001111011010
000000011000001010001110
111111100001100000011010
111111110110010000111101
000000010001100011010111
000000001110000110111111
000000010111000010100011
000000010011001000110101
000000011011011100000100
000000011100011011101010
000000011111001101010010
000000001110111110101011
111111110110100101000100
111111001110110101010101
000000000011111101110100
000000011011000100010111
111111101111011110101001
000000011001100000101000
111111101100111010110000
000000001011000100101000
000000001100010010000101
111111100000100010001110
111111011111100011011110
000000001010101010011010
111111110101000010100000
111111110110100110011010
000000010111111001010000
111111110100101001100011
111111110101110101110010
111111111001011010011001
111111110100110010001100
000000001000110101010010
111111110001001111100110
000000001100101111101111
111111101000100111101011
000000001100100010111011
111111111011110100000101
000000010000001111011101
111111101111000001011011
111111110011110100011001
000000101001001100011111
111111111100101011101111
000000101111000000101001
000000010100110010100111
000000001000101000110101
111111111100111100101110
