000000000100101110011001
111111111001110010100000
000000000100010010001111
000000000100110101001101
000000000010011111111101
111111111110010000010000
000000000110011001010100
111111111010111111110110
111111111010100000100011
111111111110111110001000
111111110101110010111100
000000000100011011100101
000000001000000001100000
000000000111011110001000
111111111000101101101011
111111110110101111111101
000000001001111001011010
111111111111010101111001
111111111110011000000011
111111111011010010100011
000000000111010011110111
111111111000011111010101
000000000011011101110110
111111111110100101111010
111111110111010011110100
111111110000010010100010
000000000101101001111100
111111111110001010011111
111111110101000010100100
000000001001001110101111
000000000100001111011010
000000000000111000111011
111111111101010100011111
000000000110011010101101
000000000101101100001000
111111111001011110001011
111111110111011111010011
000000000101010100010000
000000000011110011110001
000000000111000110000010
000000000101101100001110
111111111011011101011101
111111111110001000101100
111111111011010000000110
000000000010111100111111
111111110111010011101110
111111110011010000110110
111111111010111101001110
111111110111001101110100
111111111011001000101011
111111110001010001100011
000000000100111001000011
000000000110000111000110
000000000110111110110000
111111111110100010111011
000000001111000110110010
000000000011000100101011
000000000010111010100110
111111111011000110011000
000000000011000000000010
000000000001111001001101
000000000011001011110011
000000001101100101100001
111111111000110011100000
000000000001000101001110
000000000010111001110010
111111111011110111101101
111111111111100111011110
111111111100101010111100
000000000010011001001110
000000001001111011000011
111111111101010000100101
111111111111111011010111
111111110000110000110010
111111110101111000010110
000000000010100111101111
111111110111001111010100
111111111010000010001111
000000001000010111111011
000000000001100000101111
000000000100011000010100
000000000000101000000011
111111110100111101100010
000000000001110000000010
111111111010110000001100
000000000101000001111110
000000000101100110111111
111111111011001001000001
111111110011110100110101
111111110110011101000111
000000000110001010111111
000000000001100110101100
111111110011011001111011
111111111011000011101001
111111110101010100001010
000000001100000001010110
000000000001000011100010
111111110011111000100110
000000001011111111101110
111111111101101001100000
111111110111110001110110
000000000010111100000100
111111111000011010001000
111111111001110000111101
111111111101110001110001
111111111111111010101111
000000000011100001111010
000000000100011110110001
000000001100111111001101
111111111010010001111011
000000000011110110101110
000000001001000111100101
111111111100001101011100
111111111011000111100011
000000000010101000101110
111111110100011100100010
000000000100011101011100
111111111011110010010010
000000000111110111010011
111111111000111000110011
000000000110011011011111
000000000101001000100111
111111111100000011101110
000000001000100111100101
000000000111101011010001
000000001011000000111011
111111111101101000011110
111111110011010101100100
111111111100111101111000
111111110011010110000000
000000000010010000001100
000000001011010010110100
111111111100011110100100
111111111100001101000100
000000000001011010111000
000000000100111010101100
111111111110001010001100
000000001110101111111100
000000000001110000001000
111111110110111111100000
000000000110111101001000
111111111001110011101100
111111111000110000100100
000000001010110001010000
111111110111011111101000
000000000111000111011000
111111111001111001101000
000000000001000011101000
000000000010100110110100
000000000000000111000000
000000000000010110001100
000000000100010111110000
111111111001110101011000
000000000100000101010000
111111111001111111101100
000000000110110010111100
111111100110101110100000
000000001111000010000100
111111111101111000001000
111111110111110101110000
000000000011100110101000
111111111101111001101000
111111111111111000110000
111111110111001001010000
111111111011100111001100
111111111111101011100100
000000000000111000110000
000000000000110011000100
000000000111110000000100
000000000101110100001100
000000000011011000000000
111111111010100101000100
000000001101010110111000
000000000010101000001000
000000000001110110111100
000000000001110111011000
111111111000011000101000
000000001000011111100000
000000000010101010101100
111111110111001010111000
000000001001010110111000
111111111111011011110000
000000000000010000100100
000000001000101010010000
000000000011001111010100
111111101111011111101000
000000000000000010011100
000000000000011110010000
111111111110110101110000
000000000000111011011000
000000001010010110011100
000000000011101011000100
000000000100011100001000
000000000101110011000000
000000000100100111010100
000000000111010111111100
000000000101101100111100
000000001100011110010000
111111111001011101011100
111111111101010100111000
000000001001101010010100
111111111111010010000100
000000001000110011001000
000000000001100010111100
000000000000100110011000
111111111100001101100100
000000000101010111110100
111111110110000101100100
111111111111000010101000
111111111110100101001000
111111110011010011000100
000000000011101100100100
111111111101001101010100
111111110100101010111000
111111111101011001000000
000000000010101101000000
000000000010000101100100
000000000101000001110000
111111111110010110001000
000000000110111101010100
111111111101000110011100
000000000000001010101000
111111111110000001000100
000000000011100111010100
000000000110011001111100
000000001000111001111000
111111111101000101100100
111111111110111010010000
000000000011011000111100
000000000010100110001000
111111111110100011111100
111111111110111100100100
111111110010111001100100
000000000000010010111100
111111111010111011011100
111111111101000011001000
000000000101111001010100
111111111100011100001000
000000000010100100100100
111111110101111000110000
111111111011000110011100
000000001110110101101000
111111111100010011111100
000000001100000100011100
111111111011001101110000
000000000001111100111000
111111111011110110111100
000000000001111000001000
000000000000111011100100
111111111101010011001100
111111111101100110011100
000000001001001011001000
111111111010110011100000
000000001101000010001000
000000000010110010110100
111111111110000001011100
