MEMORY_INITIALIZATION_RADIX=2;
MEMORY_INITIALIZATION_VECTOR=
00111010001110100000000000000000,
00111110001111100000000000000000,
00111111001111110000000000000000,
00100000001000000000000000000000,
01001010010010100000000000000000,
00100100001001000000000000000000,
00101101001011010000000000000000,
00111100001111000000000000000000,
01000011010000110000000000000000,
00011111000111110000000000000000,
00110000001100000000000000000000,
00111000001110000000000000000000,
00110111001101110000000000000000,
00011011000110110000000000000000,
00101101001011010000000000000000,
00111111001111110000000000000000,
01000000010000000000000000000000,
01000110010001100000000000000000,
00110100001101000000000000000000,
00101111001011110000000000000000,
00111001001110010000000000000000,
00101011001010110000000000000000,
00100001001000010000000000000000,
00100111001001110000000000000000,
01001101010011010000000000000000,
00110101001101010000000000000000,
00100101001001010000000000000000,
00100110001001100000000000000000,
00100010001000100000000000000000,
00001111000011110000000000000000,
00111100001111000000000000000000,
00100110001001100000000000000000,
01000001010000010000000000000000,
00110000001100000000000000000000,
00101010001010100000000000000000,
00001011000010110000000000000000,
00110110001101100000000000000000,
00011100000111000000000000000000,
00011110000111100000000000000000,
00101111001011110000000000000000,
00010011000100110000000000000000,
00100111001001110000000000000000,
00100011001000110000000000000000,
00100001001000010000000000000000,
00101001001010010000000000000000,
00101001001010010000000000000000,
00100111001001110000000000000000,
00101110001011100000000000000000,
00110010001100100000000000000000,
00001001000010010000000000000000,
00100101001001010000000000000000,
00100011001000110000000000000000,
00010110000101100000000000000000,
00100111001001110000000000000000,
00011101000111010000000000000000,
00111001001110010000000000000000,
00100110001001100000000000000000,
00101000001010000000000000000000,
00011001000110010000000000000000,
00011111000111110000000000000000,
01001111010011110000000000000000,
00011010000110100000000000000000,
00010100000101000000000000000000,
00100100001001000000000000000000,
00110010001100100000000000000000,
01000011010000110000000000000000,
00111011001110110000000000000000,
00011000000110000000000000000000,
00110111001101110000000000000000,
00110000001100000000000000000000,
00111111001111110000000000000000,
00100110001001100000000000000000,
00111001001110010000000000000000,
00100010001000100000000000000000,
00110101001101010000000000000000,
00100110001001100000000000000000,
00110011001100110000000000000000,
01000110010001100000000000000000,
00100011001000110000000000000000,
01001110010011100000000000000000,
00111100001111000000000000000000,
00111001001110010000000000000000,
01000111010001110000000000000000,
00101001001010010000000000000000,
00100110001001100000000000000000,
00011011000110110000000000000000,
00101011001010110000000000000000,
00011100000111000000000000000000,
01001001010010010000000000000000,
01010111010101110000000000000000,
00010100000101000000000000000000,
00011011000110110000000000000000,
00100010001000100000000000000000,
00011111000111110000000000000000,
00111011001110110000000000000000,
00110110001101100000000000000000,
00010111000101110000000000000000,
00100000001000000000000000000000,
00101101001011010000000000000000,
00011110000111100000000000000000,
00011000000110000000000000000000,
01000100010001000000000000000000,
00010001000100010000000000000000,
00100110001001100000000000000000,
00110000001100000000000000000000,
00100001001000010000000000000000,
00010111000101110000000000000000,
00111101001111010000000000000000,
00110000001100000000000000000000,
00100101001001010000000000000000,
00100001001000010000000000000000,
01000101010001010000000000000000,
00011000000110000000000000000000,
00100110001001100000000000000000,
00101110001011100000000000000000,
00100010001000100000000000000000,
00011001000110010000000000000000,
00010100000101000000000000000000,
00100101001001010000000000000000,
01000011010000110000000000000000,
00011110000111100000000000000000,
00110100001101000000000000000000,
00011111000111110000000000000000,
00111010001110100000000000000000,
00100011001000110000000000000000,
01000000010000000000000000000000,
00100000001000000000000000000000,
01001100010011000000000000000000,
