1110010011100011
1110000000000010
0001111010110001
0001111111111100
1110000000000001
1110000000000010
0001110110010010
0001111000000011
1110000110100011
0001111010100100
0001111001011000
1110000000000001
0001110111011001
1110000000000010
1110000100110010
0001110111101011
1110000000000001
0001110010110101
1110001010000001
1110010111110000
0001111111111101
1110000000000001
1110000000001110
0001110100010001
1110010101010001
0001111111111101
1110000000000010
0001010000101100
1110000000000001
0001100001110011
1110101011011101
1110000000001101
0001110100101011
1110001011001111
1110000110010011
1110001101000110
1110000111101001
1110000000010000
1110001110001000
0001101000001100
1110011100011011
0001111010101011
1111011011001011
1110000111010111
0000011011100000
0001111111111101
0001011010000001
1110000000000101
1110000000000001
0001110111011001
1110110111000011
0001111111111011
1110000000000001
1110001010110100
0001111111111110
0001111011001000
0001000111100110
0001100100011001
1110000000000001
0001110111101001
1110000000000001
1110110000101011
0000100010001010
1110001110101011
1110000101001011
0001111000010001
0001111111111110
0001010010100000
0001110111110100
0001111010011000
1111010111000010
1110010010010111
0001111111111101
1110000110010110
0001011001110010
1110001011110001
1110000000000010
1110001111001111
0001110100101101
1110001101000110
0001111000110110
1110001010011010
1110000000000001
0000111000010011
1110000000000011
0001010001000011
0001111111101100
0001111011101100
0000001001101101
0001111111111100
0000100101111101
0001101101100101
0001111010101001
0001111111111101
1110001000100101
1110100100011101
0001010010100111
1111011000001111
1110000000000001
0001110101011110
1110000000000010
0001111111111011
0001110001110000
1110001001101001
1110101101010110
0001110110101001
1110001000010001
1110001000111011
0001110111010110
1110110101011101
1110001010000001
1110001011001111
1111011101101011
0001111111111111
1110001010011010
0001111000100011
1111110000010110
0001101010100110
0001110101011101
0001111111111100
1110001011000111
1110000000000010
0000100111100011
0001110011110011
0001000101101101
0001111111111110
0001110100010010
1110001000111010
