1111010100000000
1111010100000000
0000110000000000
1111110000000000
1111011000000000
1111000100000000
0000110100000000
0001001100000000
1111010100000000
0000010100000000
0000110100000000
1111100000000000
0000111000000000
1111101000000000
1110110000000000
0000101100000000
1111010000000000
0000011100000000
1111000000000000
1111011000000000
0000011000000000
0000010100000000
1111101100000000
0001000000000000
1111010100000000
0000111000000000
0000111000000000
0000010100000000
1111100000000000
1111010100000000
1110110000000000
1111110100000000
0000010100000000
1111001000000000
1111001100000000
1111100000000000
1111001000000000
1111010100000000
1111110000000000
0000101000000000
0000010100000000
0000011100000000
0000101000000000
1111000100000000
1111011000000000
0000110000000000
0000010100000000
1111101000000000
1111000100000000
1111010100000000
1111011100000000
0000010000000000
1111110000000000
1110110000000000
1110111000000000
0000111000000000
0000110000000000
1111101100000000
1111101100000000
1111111000000000
1111011000000000
0000010100000000
0000011100000000
1111101000000000
1111010000000000
0000101100000000
0000100000000000
1111101100000000
0000111100000000
0000010000000000
1111010000000000
1111110000000000
0000100100000000
1111000100000000
0000011100000000
1111010000000000
1111010100000000
1111011000000000
0000111000000000
1111001100000000
0000101100000000
1111011100000000
1111001000000000
0000111000000000
0000000100000000
1111011000000000
0000110000000000
0000011100000000
0000110000000000
0000111100000000
1111110100000000
1111010100000000
0000010000000000
0001000100000000
1111001100000000
1111011000000000
0000011000000000
0000000100000000
1111100000000000
0000000100000000
1111011000000000
0000110100000000
0000100000000000
1111111100000000
1111101100000000
0000101000000000
1111001000000000
1111000100000000
0000010000000000
1111101100000000
1111001000000000
1111100000000000
1111111000000000
0000100000000000
1111101100000000
0000100000000000
1111010100000000
0000011100000000
1111100000000000
0001000000000000
1111011100000000
1110111000000000
1111101000000000
0000110100000000
1111110000000000
0000001000000000
0000101100000000
1111100100000000
