MEMORY_INITIALIZATION_RADIX=2;
MEMORY_INITIALIZATION_VECTOR=
11111111111111011111111111111101,
11111111111111010000000000000011,
11111111111111010000000000000011,
11111111111111010000000000000011,
00000000000000111111111111111101,
11111111111111010000000000000011,
11111111111111010000000000000011,
00000000000000110000000000000011,
11111111111111010000000000000011,
00000000000000111111111111111101,
00000000000000111111111111111101,
00000000000000110000000000000011,
00000000000000110000000000000011,
11111111111111010000000000000011,
11111111111111010000000000000011,
11111111111111011111111111111101;