MEMORY_INITIALIZATION_RADIX=2;
MEMORY_INITIALIZATION_VECTOR=
00111010,
00111110,
00111111,
00100000,
01001010,
00100100,
00101101,
00111100,
01000011,
00011111,
00110000,
00111000,
00110111,
00011011,
00101101,
00111111,
01000000,
01000110,
00110100,
00101111,
00111001,
00101011,
00100001,
00100111,
01001101,
00110101,
00100101,
00100110,
00100010,
00001111,
00111100,
00100110,
01000001,
00110000,
00101010,
00001011,
00110110,
00011100,
00011110,
00101111,
00010011,
00100111,
00100011,
00100001,
00101001,
00101001,
00100111,
00101110,
00110010,
00001001,
00100101,
00100011,
00010110,
00100111,
00011101,
00111001,
00100110,
00101000,
00011001,
00011111,
01001111,
00011010,
00010100,
00100100,
00110010,
01000011,
00111011,
00011000,
00110111,
00110000,
00111111,
00100110,
00111001,
00100010,
00110101,
00100110,
00110011,
01000110,
00100011,
01001110,
00111100,
00111001,
01000111,
00101001,
00100110,
00011011,
00101011,
00011100,
01001001,
01010111,
00010100,
00011011,
00100010,
00011111,
00111011,
00110110,
00010111,
00100000,
00101101,
00011110,
00011000,
01000100,
00010001,
00100110,
00110000,
00100001,
00010111,
00111101,
00110000,
00100101,
00100001,
01000101,
00011000,
00100110,
00101110,
00100010,
00011001,
00010100,
00100101,
01000011,
00011110,
00110100,
00011111,
00111010,
00100011,
01000000,
00100000,
01001100,
