0000000000011010
1111000011101100
0001111101000101
0000110110000001
0000001010100011
0000011110000111
0000001011001110
1110001100010110
1110101100010110
0000011001000000
1110010011010010
0001010000001001
0001001000111011
0001001111100001
0000001111001001
1110111111101100
0001110110011100
1110111000001110
0000011111101110
1111000000100110
0001000101000011
1110111001100011
0000001111011000
1111001111001001
1110101000101110
1110011001101111
0001000000001001
1111101101100100
1110010100010100
0001001000100111
1111110100111001
1110101110000011
1111111011011101
0001001100101110
0000011001111111
0000000011110011
1110011100011100
0001010001011110
0001010101011100
0001000011001110
0000111000011101
1110101100001110
1111110000010001
1110111000011001
0000001011101100
1110011000000010
1110001011111110
1111100111010110
1110100000111001
1110111001101011
1110000110011101
0000010101001011
0000001111011011
0001110000101111
0000001100100110
0001100111011001
0000001001010111
0001001101111111
1111011100010100
0001001101010001
0000011111011110
0000011011101100
0001110001001000
1110011110111001
0001011001010001
0001000100001010
1110111111010001
1111010111010011
0000000010001001
1111100010101111
0001111110001111
1110011001100001
1111001101111000
1110000000010010
1110000101100110
0000011001010001
1110000111111101
1110010100011000
0001010001011010
1111011110001110
0001011010011111
0000001011100110
1110101110010110
0000111010011011
1111000010001010
0000001001100101
0001101000000010
1111100101101011
1110111111010101
1111001100110101
0001001110111111
0000010010011010
1111001101010000
1110110101001001
1110101101000001
0001011010010101
1111110011010111
1110001100000111
0001110101001010
1111110011000111
1110001001100110
0000011001001011
1111001000101001
1111000111001110
1111010001011000
1111100101111101
0000111111100001
0000001100110010
0001000111101001
0000001110000001
0000011110101100
0000110000000101
1110101100001111
1111100111100010
0000010010010000
1111110010010011
0000010000011100
1110000111100101
0000110100000001
0000001011001000
0001100111010110
0001000010110000
1111001000100001
0000011000011101
0001101001000111
0001111111110100
1110000000000001
1110011101011101
