1111111111111111
1111111111010110
0000000001000000
0000000000011100
0000000000010000
0000000000011100
0000000000011101
1111111111010101
1111111111010101
1111111111110111
1111111111001001
0000000000100111
0000000000110000
0000000000100110
0000000000111011
1111111111010010
0000000000110101
1111111111111010
1111111111110011
1111111111011110
0000000000101001
1111111111000101
0000000000000100
1111111111100001
1111111111001100
1111111111000011
0000000000100110
1111111111110001
1111111111000010
0000000000100011
1111111111010111
0000000000000111
0000000000101101
0000000000101001
0000000000100110
1111111111011000
1111111111000110
0000000000100101
0000000000110011
0000000000100011
0000000000100100
1111111111011110
1111111111001010
1111111111010000
1111111111101001
1111111111000011
1111111111001100
1111111111011011
1111111111001100
1111111111011101
1111111111000000
0000000000001010
0000000000100101
0000000000101101
1111111111110100
0000000000110110
0000000000001110
0000000000010110
1111111111011100
0000000000111010
0000000000001110
0000000000010111
0000000000111100
1111111111010110
0000000000001000
0000000000100100
1111111111100000
1111111111011001
1111111111101110
0000000000000100
0000000000111011
1111111111000000
1111111111111111
1111111111000001
1111111111000000
0000000000010011
1111111111000001
1111111111010111
0000000000101111
1111111111110000
0000000000111110
0000000000011100
1111111111000111
0000000000101001
1111111111011010
0000000000100011
0000000000111110
1111111111011011
1111111111000101
1111111111001010
0000000000101000
0000000000111010
1111111111000111
1111111111100001
1111111111001000
0000000001000000
1111111111111100
1111111111000101
0000000000111010
0000000000001011
1111111111001110
0000000000010111
1111111111010000
1111111111101010
1111111111011110
0000000000000000
0000000000010101
0000000000010110
0000000000111101
1111111111101000
0000000000010101
0000000000101010
1111111111100011
1111111111011100
0000000000110111
1111111111100110
0000000000011111
1111111111000100
0000000000101111
1111111111100110
0000000000101010
0000000000100100
1111111111011001
0000000000101101
0000000001000000
0000000000111101
1111111111000011
1111111111001000
1111111111010011
1111111111000101
0000000000011110
0000000000111000
1111111111000010
1111111111000000
0000000000001011
0000000000100110
1111111111100101
0000000001000000
0000000000101000
1111111111010000
0000000000111100
1111111111010110
1111111111000011
0000000001000000
1111111111000001
0000000000101101
1111111111000001
1111111111111101
0000000000010011
1111111111000000
0000000000000010
0000000000111000
1111111111010011
0000000000111000
1111111111000000
0000000000111010
1111111111000000
0000000000111101
1111111111000000
1111111111000000
0000000000011010
1111111111010111
1111111111010110
1111111111000101
1111111111001010
1111111111000000
1111111111000000
0000000000000110
0000000000101111
0000000000111110
1111111111000010
1111111111010010
0000000001000000
0000000000010100
0000000000101010
1111111111000000
1111111111000011
0000000001000000
0000000000010100
0000000001000000
0000000000110100
1111111111010011
0000000000000010
0000000001000000
0000000000010111
0000000001000000
0000000000000000
0000000000000011
1111111111110110
1111111111000001
0000000001000000
1111111111101100
0000000000011111
0000000001000000
0000000000111000
0000000001000000
0000000001000000
0000000000001111
1111111111000000
1111111111101010
0000000000110101
1111111111000001
0000000001000000
0000000000001100
1111111111000000
1111111111100011
0000000000111010
1111111111000001
1111111111111000
1111111111110100
1111111111000000
0000000000011011
1111111111000000
1111111111000111
1111111111101011
0000000000100111
0000000001000000
0000000001000000
0000000000110011
0000000001000000
1111111111101001
0000000000010110
1111111111000110
1111111111000000
0000000000110110
0000000001000000
1111111111101001
0000000001000000
0000000000011001
0000000000110001
1111111111110100
1111111111000000
1111111111000100
0000000000000010
1111111111000011
1111111111101001
0000000000110100
1111111111000011
1111111111101001
1111111111001001
1111111111000010
0000000000111110
1111111111011001
0000000001000000
1111111111011101
0000000000111100
1111111111001110
0000000000110101
0000000000000111
1111111111101001
1111111111101100
0000000000110001
1111111111011011
0000000000111011
0000000000010101
1111111111110000
