1111111111111111
1111111111001110
0000000101010011
0000000000011110
0000000000010001
0000000000011110
0000000000100000
1111111111001101
1111111111001101
1111111111110111
1111111110101110
0000000000101110
0000000001000000
0000000000101100
0000000001101001
1111111111000111
0000000001001110
1111111111111010
1111111111110011
1111111111011011
0000000000110010
1111111110011101
0000000000000100
1111111111011111
1111111110111001
1111111110001110
0000000000101101
1111111111110001
1111111110000101
0000000000101000
1111111111010001
0000000000000111
0000000000111001
0000000000110010
0000000000101101
1111111111010010
1111111110100001
0000000000101011
0000000001000111
0000000000101000
0000000000101010
1111111111011011
1111111110110100
1111111111000011
1111111111101000
1111111110010001
1111111110111000
1111111111010110
1111111110111001
1111111111011001
1111111101001001
0000000000001010
0000000000101011
0000000000111001
1111111111110100
0000000001010010
0000000000001110
0000000000010111
1111111111011000
0000000001100101
0000000000001110
0000000000011001
0000000001110010
1111111111001111
0000000000001000
0000000000101001
1111111111011110
1111111111010100
1111111111101110
0000000000000100
0000000001101000
1111111101001100
1111111111111111
1111111101110100
1111111101101011
0000000000010100
1111111101110110
1111111111010000
0000000000111100
1111111111110000
0000000010001101
0000000000011110
1111111110100111
0000000000110001
1111111111010101
0000000000101000
0000000010000111
1111111111010111
1111111110011110
1111111110110011
0000000000110000
0000000001100001
1111111110100110
1111111111011111
1111111110101010
0000000100000111
1111111111111100
1111111110011111
0000000001100010
0000000000001011
1111111110111110
0000000000011001
1111111111000011
1111111111101010
1111111111011011
0000000000000000
0000000000010110
0000000000011000
0000000001111111
1111111111100111
0000000000010110
0000000000110011
1111111111100001
1111111111011000
0000000001010101
1111111111100101
0000000000100011
1111111110010011
0000000000111110
1111111111100101
0000000000110011
0000000000101001
1111111111010011
0000000000111001
0000000010011110
0000000001111011
1111111110001111
1111111110101010
1111111111001001
1111111110011010
0000000000100001
0000000001011010
1111111101111100
1111111100110011
0000000000001011
0000000000101100
1111111111100100
0000000100100111
0000000000101111
1111111111000011
0000000001110000
1111111111001110
1111111110001111
0000000010010101
1111111101110111
0000000000111000
1111111101110101
1111111111111101
0000000000010100
1111111100000100
0000000000000010
0000000001010111
1111111111001001
0000000001011010
1111110111111000
0000000001100101
1111111100110101
0000000001111000
1111111011001100
1111111100100111
0000000000011100
1111111111010000
1111111111001110
1111111110011111
1111111110110011
1111111100110110
1111111101101010
0000000000000110
0000000000111110
0000000010001100
1111111101111110
1111111111000111
0000000100111001
0000000000010101
0000000000110011
1111111011110011
1111111110010000
0000000111001000
0000000000010101
0000000010100100
0000000001001010
1111111111001001
0000000000000010
0000000010100010
0000000000011001
0000000010101001
0000000000000000
0000000000000011
1111111111110110
1111111101110000
0000000011100011
1111111111101100
0000000000100011
0000000011000000
0000000001011011
0000000100100101
0000000010010111
0000000000001111
1111111101011110
1111111111101010
0000000001001101
1111111101101111
0000000010010111
0000000000001100
1111111101100111
1111111111100001
0000000001100110
1111111101111000
1111111111111000
1111111111110100
1111111101010100
0000000000011101
1111111100010000
1111111110100101
1111111111101011
0000000000101110
0000000011000110
0000000011000001
0000000001001000
0000000100011011
1111111111101000
0000000000010111
1111111110100100
1111111010010011
0000000001010010
0000000010110110
1111111111101000
0000000011000011
0000000000011011
0000000001000011
1111111111110100
1111111011111011
1111111110010111
0000000000000010
1111111110010001
1111111111101000
0000000001001010
1111111110001100
1111111111101000
1111111110101111
1111111101111111
0000000010001010
1111111111010011
0000000010011011
1111111111011001
0000000001110011
1111111110111101
0000000001001101
0000000000000111
1111111111101000
1111111111101100
0000000001000001
1111111111010110
0000000001101000
0000000000010110
1111111111110000
