MEMORY_INITIALIZATION_RADIX=2;
MEMORY_INITIALIZATION_VECTOR=
00000010011001010000000000000000,
00010000000100100000011101001111,
00000001101111110000000000000000,
00000110101000100000000000000000,
00000000000000000000111001011110,
00000001010100010000001010100101,
00000000000000000000000000000000,
00001100000100100000000000000000,
00000000000000000000000000000000,
00000000011100010000000000000000,
00000001110100010000000000000000,
00000100011010100000000000000000,
00000000000000000000000000000000,
00000000000000000000000000000000,
00000001111110110000000001000011,
00000000000000000000110111010101,
00000000000000000000000000000000,
00000011110000010000010010111100,
00001101111011010000010101001101,
00000000000000000000011111001110,
00000000000000000000000000000000,
00000000000000000000000101111110,
00000110010111000000000110010111,
00000101101011110000000111000111,
00000000000000000000000000000000,
00000000000000000000000101101000,
00000000000000000000000000000000,
00001100010101010000001001111011,
00000000000000000000000000000000,
00000010000101110000000000000000,
00010001010000100000000000000000,
00001100100011000000011001110110,
00000010000001010000000000000000,
00001110000000100000001111111001,
00000000001100100000000000000000,
00000101101111000000000000000000,
00000000000000000000110101111100,
00000000010011110000001010100101,
00000000000000000000000000000000,
00001101001010010000000000000000,
00000000000000000000000000000000,
00000000000000000000000000000000,
00000010011110110000000000000000,
00000010010010110000000000000000,
00000000000000000000000000000000,
00000000000000000000000000000000,
00000000011001100000000000000000,
00000000000000000000101110101010,
00000000000000000000000000000000,
00000000011000110000001101111010,
00001110010010110000010001101111,
00000000000000000000010110001101,
00000000000000000000000000000000,
00000000000000000000000011010110,
00000101000111110000000000000000,
00000100010011000000000000000000,
00000000000000000000000000000000,
00000000000000000000000000000000,
00000000000000000000000000000000,
00001001110011110000000000000000,
00000000000000000000000000000000,
00000000000000000000000000000000,
00001101110111110000000000000000,
00001010100000000000011010011101,
00000001100101100000000000000000,
00001001000101110000000010101000,
00000001010010000000000000000000,
00000100011000100000000000000000,
00000000000000000000101101000000,
00000000000000000000000100101000,
00000000000000000000000000000000,
00001001100111010000000000000000,
00000000000000000000000000000000,
00000000000000000000000000000000,
00000000000000000000000000000000,
00000010100111100000000000000000,
00000000000000000000000000000000,
00000000000000000000000000000000,
00000000101011100000000000000000,
00000000000000000000011101000010,
00000000000000000000000000000000,
00000001010110010000000001011110,
00000111000111100000000110010111,
00000000000000000000001101100110,
00000000000000000000000000000000,
00000000000000000000000000000000,
00000010010111100000000000000000,
00000011000111000000000000000000,
00000000000000000000000000000000,
00000000000000000000000000000000,
00000000000000000000000000000000,
00000110111110100000000000000000,
00000000000000000000000000000000,
00000000000000000000000000000000,
00001100000110110000000000000000,
00000110101100100000010010001011,
