MEMORY_INITIALIZATION_RADIX=2;
MEMORY_INITIALIZATION_VECTOR=
00000000000000000000000000000000,
00000000000000000000011001011011,
00000000000000000000000000000000,
00000001001100000000001010010001,
00000000000000000000000010011000,
00000100011010000000000000000000,
00000000000000000000001100001111,
00000010110001000000000000000000,
00000100111011110000000000000000,
00000000000000000000000000000000,
00000011111111010000000000000000,
00000000000000000000000000000000,
00000000000000000000000000000000,
00000000000000000000000000000000,
00000010001011100000101001011100,
00001100001101010000011000001010,
00000000000000000000000010010011,
00000000000000000000000000000000,
00001101101100010000000000000000,
00000000000000000000000000000000,
00000100101111110000000000000000,
00000000000000000000000000000000,
00000000000000000000010000011110,
00000001001111000000000100100100,
00000001101011100000000000000000,
00000000000000000000000000000000,
00000000000000000000110100100101,
00000000000000000000000010010000,
00000000000000000001000001110000,
00000000000000000000000000000000,
00000000000000000000000000000000,
00001010100010010000101101000001,
00000000000000000000000000000000,
00000000000000000000010100111001,
00000000000000000000000000000000,
00000000000000000000000001001111,
00000000000000000000000000000000,
00000010000011000000000000000000,
00000000000000000000001000101000,
00000010010001000000000000000000,
00000011101001000000000000000000,
00000000000000000000000000000000,
00000000011111000000000000000000,
00000000000000000000000000000000,
00000000000100110000000000000000,
00000000000000000000000000000000,
00000000000000000000100001101101,
00001000110000010000011000101111,
00000000000000000000000000100000,
00000000000000000000000000000000,
00001010011110110000000000000000,
00000000000000000000000000000000,
00000011110111100000000000000000,
00000000000000000000000000000000,
00000000000000000000001001110010,
00000000100001010000000000000000,
00000000000000000000000000000000,
00000000000000000000000000000000,
00000000000000000000110111110101,
00000000000000000000000000000000,
00000000000000000000111010101101,
00000000000000000000000000000000,
00000000000000000000000000000000,
00001011000001100000011111100011,
00000000000000000000000000000000,
00000000000000000000000100100110,
00000000000000000000000000000000,
00000000000000000000000000000000,
00000000000000000000000000000000,
00000000000000000000000000000000,
00000000010000100000000011101001,
00000000010100000000000000000000,
00000000000000000000000000000000,
00000000000000000000000000000000,
00000000100001010000000000000000,
00000000000000000000000000000000,
00000000101101010000000000000000,
00000000000000000000000000000000,
00000000000000000000011111110111,
00000101001001000000000000000000,
00000000000000000000000000000000,
00000000000000000000000000000000,
00000100110111110000000000000000,
00000000000000000000000000000000,
00000000110001000000000000000000,
00000000000000000000000000000000,
00000000000000000000000101101101,
00000000000000000000000010001100,
00000000000000000000000000000000,
00000000000000000000000000000000,
00000000000000000000011111111101,
00000000000000000000000110101110,
00000000000000000000100110111101,
00000000000000000000000000000000,
00000000000000000000000000000000,
00000110110010100000010110111000,
