MEMORY_INITIALIZATION_RADIX=2;
MEMORY_INITIALIZATION_VECTOR=
00010110010110100000000000000000,
00000000000000000000000101000000,
00000000000000000000010101110010,
00001010010010100000000000000000,
00000000000000000000010010010100,
00000000000000000000000000000000,
00001101011001010000100100011111,
00000010100111100000001011010110,
00000101100000000000000000000000,
00000000000000000001001000001110,
00000000000000000000000000000000,
00000010000010100000010100011111,
00001001111110010000000000000000,
00000001010010010000000000000000,
00000000000000000000000000000000,
00000000000000000000000000000000,
00000000000000000000000000000000,
00001100101010010001001100100001,
00000000000000000000000000000000,
00000000000000000000010011001011,
00000000000000000000010011110100,
00000011110001110000000000000000,
00001100101100110000000000000000,
00000001000110110000011101111110,
00000000000000000000000000000000,
00000000000000000000000001010011,
00000111010000110000010011101111,
00000101100111100000001010101000,
00000000000000000000010100100000,
00000000000000000000000000000000,
00000000000000000000000000000000,
00000001011100010000000000000000,
00010000110101100000000000000000,
00000000000000000000000111000101,
00000000000000000000010011000011,
00000110111011100000000000000000,
00000000000000000000001101001000,
00000000000000000000000000000000,
00001011000110010000011010011110,
00000001010010110000000101101010,
00000100011110010000000000000000,
00000000000000000001000101100100,
00000000000000000000000000000000,
00000000000000000000000111110100,
00000111110010010000000000000000,
00000000011011010000000000000000,
00000000000000000000000000000000,
00000001001001110000000000000000,
00000000000000000000000010010110,
00001011101000010001000011000011,
00000000000000000000000000000000,
00000000000000000000010100111101,
00000000000000000000001110001101,
00000010001100010000000000000000,
00000111111101010000000000000000,
00000000000000000000001111111110,
00000000000000000000000000000000,
00000000000000000000000000000000,
00000010101111010000010011010110,
00000100001110110000001001100010,
00000000000000000000100100000101,
00000000000000000000000000000000,
00000000000000000000000101011101,
00000000000101010000000000000000,
00001101101100100000000000000000,
00000000000000000000000010000000,
00000000000000000000000101001100,
00000110111000100000000000000000,
00000000000000000000000000000000,
00000000000000000000000000000000,
00001000111100000000001001111011,
00000000101001110000000000000000,
00000000101101100000000000000000,
00000000000000000000101001100011,
00000000000000000000000000000000,
00000000000000000000000000010010,
00000011001001100000000000000000,
00000000000000000000000000000000,
00000000000000000000000000000000,
00000001000111110000000000000000,
00000000000000000000000000000000,
00000110011101000000101011010100,
00000000000000000000000000000000,
00000000000000000000000001010100,
00000000000000000000000000000000,
00000000100011100000000000000000,
00000100010101100000000000000000,
00000000000000000000001001000110,
00000000000000000000000000000000,
00000000000000000000000000000000,
00000011110111110000001110010000,
00000010001001010000000000000000,
00000000000000000000000111001101,
00000000000000000000000000000000,
00000000000000000000000000000000,
00000000000000000000000000000000,
