0.0729344860
0.4620337784
0.6261987686
0.1288331747
0.1497990489
-0.0920183808
-0.0001778321
-0.1026834100
-0.4361348450
0.2182047814
-0.2216870338
0.1309162229
0.2331158668
-0.1172620654
0.4544514418
-0.1170050353
0.1689782739
-0.5353787541
-0.1232711598
-0.0079477495
-0.0458107963
-0.2617653310
0.1484971344
-0.1538181901
-0.1016192660
-0.2104533613
0.2069745660
-0.0767251551
-0.0662449375
0.1260169744
0.0430540107
-0.3447105587
-0.0262620803
0.1885794252
0.2833231390
0.1420062929
-0.1346458495
0.1904672831
0.0734207854
-0.0088391826
0.0073886300
-0.2089506388
-0.1195476800
-0.0337003022
0.1327647269
-0.1260291487
-0.1099575534
0.1064043269
-0.1147176996
-0.4335562289
-0.2694105804
0.1080820784
0.1631330997
0.1483624727
0.1251049936
0.1642317474
0.0800654218
0.1752363294
0.2395356447
-0.0161166023
0.1299316585
0.1933701336
0.0752210617
-0.0597147793
-0.0564003065
0.2362626493
-0.0502678454
-0.1052057222
-0.0137496348
0.0190840121
0.2251128852
0.1747599095
0.0068125268
-0.1739755422
-0.2327425480
-0.0922145024
-0.2964102924
-0.2533105910
0.0226899870
-0.0334199443
0.2471710145
0.0341227390
-0.1041024774
-0.0581960157
-0.1453671604
0.0361069441
0.3930322826
-0.1307449937
0.0064024027
-0.1052907109
0.0812334791
0.2145074904
0.0468267128
0.0108042946
0.0385444202
0.1932458282
0.1411880106
-0.2471823096
0.2234209329
-0.1120305210
-0.1551625431
0.1361599565
0.1183303669
-0.1227776781
0.0641051829
-0.0156256370
-0.0784666017
0.2403058410
0.0810545459
0.3412293196
-0.1318185478
0.1302386820
0.0978936031
0.1326318085
0.3109521866
0.0598565750
-0.0671421215
-0.6841526031
-0.0507980660
0.5053206086
0.0471113399
0.2457344830
-0.0573265962
-0.0143213086
0.1674743444
0.6582834125
-0.7395523190
-0.1087136194
