2.0716943741
3.3047146797
2.7965118885
3.3736023903
3.3302307129
2.9754443169
2.6421644688
2.3712544441
2.5365755558
2.8099427223
2.7301824093
3.0086848736
2.6450929642
3.4532458782
3.1086945534
2.5828235149
3.3103110790
2.2345011234
2.3950850964
1.9103826284
3.2160236835
3.0354039669
2.7155957222
2.4995114803
2.0293958187
3.1183772087
3.7437818050
2.3856339455
3.7856740952
2.3010013103
1.3738777637
2.7762045860
2.4153528214
2.5335781574
2.8792400360
2.7880511284
2.8299350739
3.0201265812
2.3070383072
1.9186129570
2.3045203686
2.6382236481
0.8037319779
2.6174397469
1.5523535013
2.9201617241
1.2283667326
3.4989948273
3.2606859207
3.0619649887
2.3015635014
3.3731536865
3.4510006905
2.5330328941
3.7151219845
3.0055859089
3.1840760708
2.0783407688
3.3585345745
2.5126702785
3.1959493160
1.8301478624
1.3235419989
2.5226500034
2.7299826145
2.9384367466
3.0425798893
1.8003066778
2.7422530651
3.0003106594
0.9158555865
2.0329592228
2.9109818935
2.5006737709
1.3348907232
2.4847512245
3.0920093060
2.1790604591
2.4188551903
2.2911474705
2.4369606972
2.6498143673
3.0333158970
2.0075981617
3.0939872265
1.7127348185
2.4038016796
3.1992685795
0.9272837639
3.2201991081
1.0111814737
2.3497970104
2.8635795116
2.7721941471
2.6273396015
2.3555870056
1.4946731329
1.3968359232
3.3203115463
2.3935608864
2.9131453037
3.0480442047
2.5424118042
2.6252160072
2.5158948898
2.5280888081
3.0835640430
2.5071947575
2.7100992203
1.2326331139
2.4544517994
2.3917827606
1.1096417904
3.1119081974
2.4007644653
2.6730284691
2.0690622330
1.6923183203
2.5320808887
2.6283621788
2.7432448864
3.0069875717
1.6582041979
2.3694412708
2.2352757454
3.4403600693
2.4903833866
2.4102427959
