-0.3321572542
-0.3035125136
0.3239556253
0.3617974222
-0.3680274785
-0.3003185689
0.3302894533
0.3262741864
-0.3424610794
0.3090155423
0.3464605510
-0.3137890697
0.3326172829
-0.3202110529
-0.3233400881
0.3510656357
-0.3321363628
0.3400310278
-0.3550602496
-0.3275980055
0.3256062865
-0.3399135172
-0.3176556230
0.3034750521
-0.3406737745
0.3279993534
-0.3303316236
0.3309418857
-0.3213115633
0.3807880282
-0.3400785327
-0.3296293914
0.3498205841
-0.3306828141
-0.3277174830
0.2520322800
-0.3186249733
-0.3064292073
-0.3270199001
0.3120637536
0.2436437607
0.3290971518
0.2089215517
-0.3141086102
-0.2432276309
0.3368277550
0.3037844300
-0.3249436915
-0.3235396445
-0.2867724895
-0.3269411325
0.3026645184
-0.3379462361
-0.3536123633
-0.3609597981
0.3365381062
0.2956035733
0.2926921844
-0.3001925945
0.3075114489
-0.3436875939
0.1967212111
0.2837855220
-0.3030679524
-0.3390206397
0.3512645364
0.3401946723
-0.2072506696
0.3335112333
0.2955373824
-0.3508171737
-0.3326035142
0.3327350318
-0.3092330992
0.3295448720
-0.3432136774
-0.3266832829
-0.3358490467
0.3307911754
-0.3336112499
0.3483242989
-0.2849711776
-0.3253053129
0.2843230963
-0.3334321082
0.2435652912
0.3477089107
0.3099119663
0.3444195390
0.3478760123
-0.1892153472
-0.2148705423
0.2992711067
0.3098545969
-0.3426625133
-0.3360137641
-0.2046587169
-0.2421059161
-0.3264333308
0.3032897413
-0.3095974326
0.3460462987
0.3084302843
-0.3340305984
-0.3437432647
0.3355849087
-0.2919891179
-0.3345431983
0.3233473003
-0.2882643640
-0.3047859073
-0.3390603065
-0.2677639425
0.3443181515
-0.3342636228
0.3313344717
-0.2513526380
0.2950710058
-0.2613117397
0.3396397829
-0.3009596765
-0.3441886902
-0.2254647017
0.3334049881
-0.2305407673
0.3210453689
0.3119341433
-0.3353680372
