0.3993094862
1.7748944759
1.9722117186
0.5689154863
0.4740663469
0.4474902749
0.2405014038
0.6434401870
1.1828885078
0.7537971735
0.7334217429
0.5023316741
0.6592600346
0.5090643167
1.9010142088
0.4044447541
0.6590058208
1.6935811043
0.4902820289
0.4426809847
0.2622976005
0.7262347937
0.4653784037
0.5742703676
0.5397254825
0.8276443481
0.5147621036
0.3012430966
0.5977658629
0.5101627111
0.4076530039
1.0781702995
0.3905550539
0.6476280093
0.7235005498
0.6259690523
0.5248604417
0.6539957523
0.4609655738
0.4872447550
0.1887226105
0.7638608813
0.2431971133
0.2086579651
0.5723522902
0.5217831135
0.4561905265
0.5609837770
0.4990792871
1.1316704750
0.7759441137
0.4759987891
0.5294806957
0.7112599015
0.4361142218
0.7032544613
0.4123509824
0.8332751989
0.6469856501
0.5030215979
0.5908642411
0.5020157695
0.3255290985
0.4795066416
0.5737144351
0.7155403495
0.4561838210
0.4501927495
0.1515610367
0.5416111946
0.8430667520
0.7215476632
0.7315451503
0.5877746344
0.8856702447
0.4224228859
0.8531132936
0.8586277962
0.6784378886
0.2372170538
0.6932700276
0.5480838418
0.4005469978
0.4089207649
0.4630686939
0.2963858545
1.1113865376
0.3527888358
0.6349633336
0.2988176346
0.5405451655
0.3062147200
0.3762277663
0.2392370552
0.5048816204
0.7358789444
0.5625014305
0.7011315227
0.6876826882
0.5285583138
0.5026882291
0.4417982697
0.2927967012
0.6169168949
0.2051528990
0.4571994841
0.6270216107
0.4457667172
0.5184006691
1.4660869837
0.4682716727
0.5702319741
0.5441232324
0.6570109129
0.7765819430
0.4280680418
0.3248459697
2.3404088020
0.4984429777
1.6665495634
0.6593361497
0.6342688203
0.3656412363
0.2511504889
0.4930880368
2.1209306717
2.6320407391
0.6259182096
