0.5868726969
0.6641415358
0.6802738905
0.9211981893
0.8036364317
0.7021421790
0.8724390864
0.7435265183
0.6686523557
0.9739503860
0.8186271787
0.6385483742
0.8340538144
0.7011886239
0.4509449601
0.6348885894
0.8327484727
0.7458962202
0.6855526567
0.5821241140
0.7498398423
0.6505258679
0.7611269951
0.7971178293
0.8247056007
0.7060434818
0.5824409723
0.5807991028
0.6625695229
0.7619425654
0.7714192867
0.7241978645
0.6003359556
0.8229470849
0.6383828521
0.5724920034
0.7641564608
0.8281191587
0.6682416797
0.7833370566
0.7999086380
0.9177761078
0.7282783985
0.8912557364
0.7582548261
0.9048308730
0.7742907405
0.6646350026
0.8096473813
0.6189880967
0.7189742923
0.6856896281
0.7187241912
0.9077519774
0.5847028494
0.8562712073
0.6471209526
0.8955367804
0.5615419745
0.6819569468
0.7063567042
0.6120504737
0.6419240236
0.7267770767
0.7170525789
0.8040879965
0.6940981746
0.6687576771
0.8300162554
0.7725458741
0.9656738639
0.7389156222
0.6543570161
0.6877670288
0.6087511778
0.8456217051
0.5094249249
0.8116853237
0.7958799005
0.7164544463
0.5066846609
0.7213163376
0.7631269097
0.7989330292
0.6598567367
0.7442162037
0.7315994501
0.7716982365
0.7802914977
0.9313817620
0.6711237431
0.7314904332
0.6876299977
0.7608032823
0.8973969817
0.6877762079
0.6883964539
0.8086413741
0.8518012166
0.8272853494
0.6117360592
0.6750437617
0.7979959249
0.7600371838
0.6627223492
0.6775737405
0.6984577775
0.7153873444
0.6504521966
0.7311972380
0.7804133892
0.7973926663
0.7680074573
0.8104683161
0.5952719450
0.7316544056
0.6397503614
0.6862999201
0.7273026705
0.6238723993
0.6449284554
0.7181080580
0.7088791728
0.5234684348
0.7695718408
0.7238847613
0.7332583070
0.8276802897
