0.0298549347
-0.1005820036
0.0088969702
0.1299731880
0.1124402881
-0.0537128709
0.1443992704
-0.0458005928
0.0304205120
0.1867792904
-0.1590956897
0.1566463262
0.1225162670
0.0803629979
-0.1134126037
0.0236427765
0.0790641829
-0.1295529008
-0.0320853926
0.0063662813
-0.1199849993
-0.0727573484
0.1183410808
-0.1506312191
-0.0686257109
-0.0703367218
0.1615230441
-0.0419459641
-0.1107701287
0.1599484831
0.1672905833
0.1580424905
-0.1392928064
0.1741086245
0.0898179486
0.0341081321
-0.0544149093
0.2013522983
-0.0168654192
-0.0063199257
0.1008010879
-0.1242525429
-0.0071348171
0.0770215765
0.1363535523
-0.0851554722
-0.1219965667
0.0561060086
-0.1266661286
-0.1380739063
-0.1533371359
0.1832140088
0.1131657511
0.1463180482
0.0185541417
0.1352715641
0.0839295238
0.0788333640
-0.0180137735
-0.0897149965
0.1238484010
0.1161283851
0.0733174756
-0.1172325313
-0.0709197894
0.1506850272
-0.0828645825
0.0965487137
-0.0963556916
0.0102795940
0.1339464486
0.0930444524
-0.0693837851
-0.1118247211
-0.1334694177
-0.1296939701
-0.0378376469
-0.1172235683
-0.0687290430
0.0416780636
0.0174539648
0.0705841184
-0.1572933048
-0.1848692745
-0.1755456775
0.1188996732
-0.1101228371
-0.1024021879
-0.1171511337
-0.1083110049
0.1316468865
-0.0629632771
-0.0532326475
0.0854824409
0.0707384720
0.1589316279
0.0495554321
-0.1009408087
0.1729676574
-0.1469610929
0.0087020714
0.0605710596
-0.0354632400
-0.1249072105
0.1089829206
0.0304441769
0.0959622785
0.0512008443
0.1118723601
-0.1192226335
-0.1807547957
0.1684337556
0.1293631494
0.0269552246
-0.0183491129
-0.0268126056
0.1070846617
-0.0665339306
0.0679937005
-0.0777635500
0.1333144307
0.1210927963
-0.0672197118
-0.0500995480
0.1400750577
0.0635193810
0.0876570791
-0.1807895154
