0.0434318557
0.0003866539
0.0000281014
-0.0424955636
0.0472864695
-0.0457787439
-0.0489097238
0.0529210493
0.0382054448
-0.0486908220
-0.0580913015
0.0507844277
0.0522657856
-0.0503177606
0.0238812361
-0.0397199839
-0.0539056957
0.0515972786
0.0484470911
0.0558557920
-0.0335193239
-0.0443515740
0.0531378202
-0.0518760383
-0.0461263731
-0.0467826501
0.0403827801
-0.0440245681
0.0365399979
0.0613794848
0.0283292234
0.0492310077
0.0765108541
0.0322316773
0.0475509465
-0.0582299717
0.0406873412
-0.0365362912
-0.0130556161
-0.0477020070
-0.0422340557
0.0494427495
-0.0379730277
0.0379533023
0.0316153727
-0.0581702366
0.0353126340
-0.0953157917
0.0316688232
-0.0526849963
0.0417705774
0.0517137684
0.0528936423
-0.0571664982
-0.0451037139
0.0511424504
-0.0483178049
-0.0542133152
0.0639840215
-0.0484499484
0.0488438979
0.0489515662
0.0557304174
-0.0455273725
-0.0282739103
0.0459385850
0.0559766665
-0.0696736723
0.0478981845
0.0419885889
-0.0610457174
-0.0693116114
0.1060716882
-0.0553697944
0.0824400634
0.0430257618
0.0353924781
0.0447255671
-0.0400985405
0.0520333908
-0.0510914251
0.0539772436
-0.0471557155
0.0497877151
-0.0371068381
0.0477962680
-0.0176937655
-0.0610219575
-0.0489621647
0.0529905632
-0.0472574420
0.0242538359
0.0352724269
0.0540838130
0.0491487011
0.0671389028
0.0341854207
0.0304413680
0.0356641524
0.0562361740
-0.0647775903
0.0608044602
0.0390223935
-0.0419078097
-0.0552663282
0.0526615046
0.0453870147
0.0295735374
0.0467950366
0.0579218194
-0.0502433069
0.0506144017
-0.0365037620
-0.0570644811
0.0484742336
-0.0526998527
-0.0497741736
0.0224516261
-0.0593237616
-0.0393693820
-0.0447796658
0.0523100533
-0.0600740090
0.0297925938
0.0687419102
0.0315580703
-0.0149420761
-0.0372695215
