0.0429687500
0.0000000000
0.0000000000
-0.0429687500
0.0468750000
-0.0458984375
-0.0493164062
0.0527343750
0.0380859375
-0.0488281250
-0.0581054688
0.0507812500
0.0522460938
-0.0507812500
0.0234375000
-0.0400390625
-0.0541992188
0.0512695312
0.0483398438
0.0556640625
-0.0336914062
-0.0444335938
0.0527343750
-0.0522460938
-0.0463867188
-0.0468750000
0.0400390625
-0.0444335938
0.0361328125
0.0610351562
0.0283203125
0.0488281250
0.0761718750
0.0322265625
0.0473632812
-0.0585937500
0.0405273438
-0.0366210938
-0.0131835938
-0.0478515625
-0.0424804688
0.0493164062
-0.0380859375
0.0375976562
0.0312500000
-0.0585937500
0.0351562500
-0.0957031250
0.0312500000
-0.0527343750
0.0415039062
0.0512695312
0.0527343750
-0.0576171875
-0.0454101562
0.0507812500
-0.0483398438
-0.0546875000
0.0639648438
-0.0488281250
0.0488281250
0.0488281250
0.0556640625
-0.0458984375
-0.0283203125
0.0458984375
0.0556640625
-0.0698242188
0.0478515625
0.0415039062
-0.0615234375
-0.0693359375
0.1059570312
-0.0556640625
0.0820312500
0.0429687500
0.0351562500
0.0444335938
-0.0405273438
0.0517578125
-0.0512695312
0.0537109375
-0.0473632812
0.0493164062
-0.0371093750
0.0473632812
-0.0180664062
-0.0610351562
-0.0493164062
0.0527343750
-0.0473632812
0.0239257812
0.0351562500
0.0537109375
0.0488281250
0.0668945312
0.0341796875
0.0302734375
0.0356445312
0.0561523438
-0.0649414062
0.0605468750
0.0385742188
-0.0419921875
-0.0556640625
0.0522460938
0.0449218750
0.0292968750
0.0463867188
0.0576171875
-0.0502929688
0.0502929688
-0.0366210938
-0.0571289062
0.0483398438
-0.0527343750
-0.0498046875
0.0219726562
-0.0595703125
-0.0395507812
-0.0449218750
0.0522460938
-0.0605468750
0.0297851562
0.0683593750
0.0312500000
-0.0151367188
-0.0375976562
