0.0116251707
-0.1171299443
0.1973212361
-0.0373122692
-0.0751090348
0.0877989009
-0.0620403439
-0.0649867058
-0.1877459139
-0.1139519587
-0.1396353245
-0.0863875747
-0.0924443156
0.0398360677
0.1787427962
-0.0135598592
-0.1050500944
0.1745656878
-0.1812959164
-0.0904609337
-0.1118764132
-0.0689689741
-0.1569978744
-0.0566915832
-0.1576158255
-0.1049379855
-0.1734474301
-0.1377158016
-0.0739592910
-0.0399125181
-0.1319506615
-0.1455758214
-0.1922182888
-0.1871627122
-0.0449062064
-0.1371051520
-0.0031075121
0.0241081547
0.0771441087
-0.0261589959
0.0810288787
-0.0186555516
-0.1145487800
-0.1109479442
-0.0548975207
-0.0685318261
-0.0094057443
-0.1117197648
-0.0524299257
-0.0498327836
-0.0597117729
0.0714935809
-0.0803864077
-0.0509320274
-0.1173045561
-0.1746904850
-0.0064134821
-0.0512983538
-0.1850843877
-0.0592236221
-0.0126289306
-0.0978468880
-0.0266151913
-0.1191044971
-0.0700054690
-0.1805554777
-0.1415651441
-0.0481068231
-0.1011081412
-0.0140854828
-0.0909840092
-0.0279185697
-0.0944356471
-0.0535122901
0.0859655961
0.0609189495
-0.1275192797
-0.1030582711
-0.1414914280
-0.0041444693
-0.0458536521
-0.0071147042
-0.2060909122
-0.1149215773
-0.1500481963
-0.1467383057
-0.1300392449
-0.0590922236
-0.1738839746
-0.1259584427
-0.1356526464
-0.0385241173
0.0639666393
-0.1831997931
-0.1446002275
0.0670411289
-0.0567755736
-0.0390918478
-0.0962426290
-0.0706834942
-0.0991331339
-0.1819103360
0.0928215012
-0.0434367768
-0.1585530043
-0.0726813897
-0.1824169010
-0.1205493808
-0.1997798830
-0.0181328282
-0.0878777280
-0.1269347668
-0.0596091934
-0.0803943574
-0.0926898792
-0.0662329420
-0.1052238420
0.0154903596
-0.0789699852
-0.0327085778
-0.2460146546
-0.1118726954
-0.1465026736
0.0190070290
-0.1061665490
0.0847359821
0.2407019287
-0.1120587960
