0.0112304688
-0.1171875000
0.1972656250
-0.0375976562
-0.0751953125
0.0874023438
-0.0625000000
-0.0654296875
-0.1879882812
-0.1142578125
-0.1396484375
-0.0864257812
-0.0927734375
0.0395507812
0.1787109375
-0.0136718750
-0.1054687500
0.1743164062
-0.1816406250
-0.0908203125
-0.1123046875
-0.0693359375
-0.1572265625
-0.0571289062
-0.1577148438
-0.1049804688
-0.1738281250
-0.1381835938
-0.0742187500
-0.0400390625
-0.1323242188
-0.1459960938
-0.1923828125
-0.1875000000
-0.0449218750
-0.1372070312
-0.0034179688
0.0239257812
0.0766601562
-0.0263671875
0.0805664062
-0.0190429688
-0.1147460938
-0.1113281250
-0.0551757812
-0.0688476562
-0.0097656250
-0.1118164062
-0.0527343750
-0.0502929688
-0.0600585938
0.0712890625
-0.0805664062
-0.0512695312
-0.1176757812
-0.1748046875
-0.0068359375
-0.0517578125
-0.1855468750
-0.0595703125
-0.0126953125
-0.0981445312
-0.0268554688
-0.1191406250
-0.0703125000
-0.1806640625
-0.1416015625
-0.0483398438
-0.1015625000
-0.0141601562
-0.0913085938
-0.0283203125
-0.0947265625
-0.0537109375
0.0859375000
0.0605468750
-0.1279296875
-0.1035156250
-0.1416015625
-0.0043945312
-0.0458984375
-0.0073242188
-0.2065429688
-0.1152343750
-0.1503906250
-0.1469726562
-0.1303710938
-0.0595703125
-0.1743164062
-0.1259765625
-0.1357421875
-0.0385742188
0.0639648438
-0.1835937500
-0.1450195312
0.0668945312
-0.0571289062
-0.0395507812
-0.0966796875
-0.0708007812
-0.0996093750
-0.1821289062
0.0927734375
-0.0434570312
-0.1586914062
-0.0727539062
-0.1826171875
-0.1206054688
-0.2001953125
-0.0185546875
-0.0878906250
-0.1269531250
-0.0600585938
-0.0805664062
-0.0927734375
-0.0664062500
-0.1054687500
0.0151367188
-0.0791015625
-0.0327148438
-0.2460937500
-0.1123046875
-0.1469726562
0.0185546875
-0.1064453125
0.0844726562
0.2402343750
-0.1123046875
