0.2018133402
0.1778877676
0.1849288642
0.0442428365
0.0349705629
0.0115107149
0.1466311663
0.0309149493
0.2285090983
0.0731328204
0.0402052030
-0.1081085950
-0.0441716276
0.0546059124
-0.1588449329
-0.0123889921
-0.0791980177
0.2615970969
0.1451928765
0.0425397605
0.1363775432
0.2179900110
0.0009390486
0.1188856810
0.1609896719
0.1698853821
0.1774500310
0.1638195962
0.2154316008
0.0058332351
0.2449351102
0.2459841073
0.0747606829
0.0605060570
0.2638449967
0.1505511701
0.0891583264
-0.0995557159
-0.0286080483
0.0257457364
0.1959374249
0.0626249164
0.1196470335
0.2243077010
0.0757258385
0.0126231741
0.1246224642
0.1854889244
0.0130104003
0.0829332396
0.0054482743
0.0902542621
0.2663397789
-0.0642340705
0.1659684628
-0.0292866919
0.0188029446
0.0169861577
0.1652537286
0.1665937752
0.0486514084
0.0985178426
0.0972008780
0.1096738353
0.1731510758
0.0493705384
0.0178448427
0.0675997585
0.1311797500
0.1441538334
0.0736722052
0.2158585638
0.0578955747
0.0067694536
0.2123668045
0.0759767443
0.0823809728
-0.1462547034
0.2195706666
0.0939508453
0.1332311034
0.0040324875
0.1348500401
0.0917950794
0.0473302342
0.1833101660
0.2616439462
0.0993979499
0.1967030317
0.0808228329
0.0550799184
0.3106929958
-0.0176785756
0.1071450785
0.0566600114
0.1268922091
0.2090026587
0.1075568125
-0.0871850997
0.0886534303
-0.0361167677
0.0763948262
0.2577483356
-0.0155465463
0.0921438634
0.1010690182
0.0500545874
0.1961980760
0.1918597519
0.2507715821
-0.0018584644
-0.1043370962
-0.0378726050
0.1756829023
0.3245436847
0.0798602700
0.0458646268
0.2283831984
0.1975321174
0.2386511713
0.0162279718
0.0245268121
0.0972502828
0.1683426201
0.1720654964
0.2499373555
0.3433371782
-0.0349560790
