0.2016601562
0.1777343750
0.1845703125
0.0439453125
0.0346679688
0.0112304688
0.1464843750
0.0307617188
0.2280273438
0.0727539062
0.0400390625
-0.1083984375
-0.0444335938
0.0541992188
-0.1591796875
-0.0126953125
-0.0795898438
0.2612304688
0.1450195312
0.0424804688
0.1362304688
0.2177734375
0.0004882812
0.1186523438
0.1606445312
0.1694335938
0.1772460938
0.1635742188
0.2153320312
0.0053710938
0.2446289062
0.2456054688
0.0747070312
0.0600585938
0.2636718750
0.1503906250
0.0888671875
-0.0996093750
-0.0288085938
0.0253906250
0.1958007812
0.0625000000
0.1196289062
0.2241210938
0.0756835938
0.0122070312
0.1245117188
0.1850585938
0.0126953125
0.0825195312
0.0053710938
0.0898437500
0.2661132812
-0.0644531250
0.1655273438
-0.0292968750
0.0185546875
0.0166015625
0.1650390625
0.1665039062
0.0483398438
0.0981445312
0.0971679688
0.1093750000
0.1728515625
0.0493164062
0.0175781250
0.0673828125
0.1308593750
0.1440429688
0.0732421875
0.2158203125
0.0576171875
0.0063476562
0.2119140625
0.0756835938
0.0820312500
-0.1464843750
0.2192382812
0.0937500000
0.1328125000
0.0039062500
0.1347656250
0.0913085938
0.0468750000
0.1831054688
0.2612304688
0.0991210938
0.1962890625
0.0805664062
0.0546875000
0.3105468750
-0.0180664062
0.1069335938
0.0566406250
0.1264648438
0.2089843750
0.1074218750
-0.0874023438
0.0883789062
-0.0361328125
0.0761718750
0.2573242188
-0.0156250000
0.0917968750
0.1005859375
0.0498046875
0.1958007812
0.1914062500
0.2504882812
-0.0019531250
-0.1044921875
-0.0380859375
0.1752929688
0.3242187500
0.0795898438
0.0454101562
0.2280273438
0.1972656250
0.2382812500
0.0161132812
0.0244140625
0.0971679688
0.1679687500
0.1718750000
0.2495117188
0.3432617188
-0.0351562500
