0.4536132812
0.4858398438
0.4946289062
0.2509765625
0.5830078125
0.2817382812
0.3535156250
0.4692382812
0.5244140625
0.2495117188
0.3754882812
0.4418945312
0.4350585938
0.2124023438
0.3544921875
0.4926757812
0.5078125000
0.5502929688
0.4077148438
0.3740234375
0.4472656250
0.3403320312
0.2626953125
0.3120117188
0.6040039062
0.4204101562
0.2919921875
0.2993164062
0.2709960938
0.1176757812
0.4736328125
0.2998046875
0.5141601562
0.3808593750
0.3305664062
0.0859375000
0.4228515625
0.2192382812
0.2412109375
0.3720703125
0.1503906250
0.3081054688
0.2744140625
0.2578125000
0.3237304688
0.3276367188
0.3056640625
0.3603515625
0.3959960938
0.0708007812
0.2939453125
0.2749023438
0.1787109375
0.3105468750
0.2280273438
0.4497070312
0.3002929688
0.3154296875
0.1953125000
0.2436523438
0.6186523438
0.2104492188
0.1611328125
0.2836914062
0.3935546875
0.5297851562
0.4667968750
0.1918945312
0.4301757812
0.3774414062
0.4965820312
0.2993164062
0.4516601562
0.2724609375
0.4174804688
0.2998046875
0.4023437500
0.5478515625
0.2792968750
0.6157226562
0.4721679688
0.4458007812
0.5546875000
0.3222656250
0.2978515625
0.2119140625
0.3369140625
0.2211914062
0.5766601562
0.6826171875
0.1616210938
0.2167968750
0.2734375000
0.2446289062
0.4648437500
0.4248046875
0.1835937500
0.2573242188
0.3525390625
0.2358398438
0.1918945312
0.5341796875
0.1406250000
0.3032226562
0.3823242188
0.2583007812
0.1801757812
0.4790039062
0.3798828125
0.2900390625
0.2622070312
0.5395507812
0.1904296875
0.3002929688
0.3657226562
0.2705078125
0.2006835938
0.1596679688
0.2929687500
0.5263671875
0.2373046875
0.4077148438
0.2470703125
0.4589843750
0.2753906250
0.5029296875
0.2500000000
0.5942382812
