-0.0830078125
-0.0800781250
0.0991210938
-0.0239257812
-0.0727539062
-0.1142578125
0.1069335938
0.1552734375
-0.0854492188
0.0395507812
0.1054687500
-0.0561523438
0.1162109375
-0.0424804688
-0.1552734375
0.0878906250
-0.0932617188
0.0590820312
-0.1235351562
-0.0756835938
0.0522460938
0.0410156250
-0.0390625000
0.1303710938
-0.0800781250
0.1108398438
0.1137695312
0.0415039062
-0.0585937500
-0.0844726562
-0.1542968750
-0.0205078125
0.0449218750
-0.1035156250
-0.0996093750
-0.0551757812
-0.1083984375
-0.0839843750
-0.0258789062
0.0805664062
0.0439453125
0.0556640625
0.0781250000
-0.1108398438
-0.0737304688
0.1010742188
0.0458984375
-0.0419921875
-0.1108398438
-0.0830078125
-0.0698242188
0.0341796875
-0.0288085938
-0.1547851562
-0.1381835938
0.1166992188
0.0947265625
-0.0375976562
-0.0366210938
-0.0126953125
-0.0732421875
0.0405273438
0.0600585938
-0.0463867188
-0.0878906250
0.0903320312
0.0639648438
-0.0380859375
0.1176757812
0.0346679688
-0.0932617188
-0.0253906250
0.0727539062
-0.1098632812
0.0561523438
-0.0888671875
-0.0800781250
-0.0727539062
0.1162109375
-0.0937500000
0.0908203125
-0.0678710938
-0.1064453125
0.1113281250
0.0087890625
-0.0742187500
0.0947265625
0.0556640625
0.0966796875
0.1186523438
-0.0156250000
-0.0800781250
0.0346679688
0.1357421875
-0.0966796875
-0.0722656250
0.0527343750
0.0097656250
-0.0625000000
0.0151367188
-0.0727539062
0.1025390625
0.0664062500
0.0000000000
-0.0317382812
0.0786132812
-0.1054687500
-0.1103515625
0.0336914062
-0.0385742188
-0.1093750000
-0.0615234375
-0.0092773438
0.0698242188
-0.0385742188
0.0625000000
-0.0795898438
0.0576171875
-0.0585937500
0.1318359375
-0.0649414062
-0.1347656250
-0.0405273438
0.1088867188
-0.0253906250
0.0175781250
0.0927734375
-0.0512695312
