-0.3491210938
-0.2055664062
-0.3100585938
0.0180664062
-0.0849609375
-0.1611328125
-0.2265625000
-0.0957031250
-0.0415039062
-0.0561523438
-0.0864257812
-0.0424804688
-0.2685546875
-0.1225585938
-0.0722656250
-0.0834960938
-0.1943359375
-0.2021484375
-0.1723632812
-0.1040039062
-0.1845703125
-0.0742187500
-0.3715820312
0.0581054688
-0.0878906250
-0.0595703125
-0.1147460938
-0.0610351562
-0.1748046875
0.0175781250
-0.2670898438
-0.2680664062
-0.1704101562
-0.1992187500
-0.2265625000
-0.0786132812
-0.2382812500
-0.1000976562
-0.1137695312
-0.3295898438
-0.0068359375
-0.2055664062
-0.0268554688
-0.0278320312
-0.0903320312
-0.2045898438
-0.2563476562
-0.0917968750
0.0058593750
-0.0317382812
-0.3754882812
0.0141601562
-0.1738281250
-0.2734375000
0.0800781250
-0.3818359375
-0.1879882812
-0.2250976562
-0.0146484375
-0.1328125000
-0.1489257812
0.1718750000
0.0791015625
-0.1772460938
-0.2358398438
-0.2065429688
-0.1728515625
0.0644531250
-0.2148437500
0.0424804688
-0.1943359375
-0.1791992188
-0.1333007812
-0.3115234375
-0.2592773438
-0.3793945312
-0.1572265625
-0.1401367188
-0.2080078125
-0.2050781250
-0.1113281250
-0.0273437500
-0.0400390625
0.0253906250
-0.0986328125
-0.1132812500
-0.1850585938
-0.2456054688
-0.2299804688
-0.1752929688
0.1230468750
-0.0156250000
-0.2055664062
-0.2055664062
-0.1718750000
-0.0981445312
-0.1425781250
-0.1860351562
-0.3520507812
0.0209960938
-0.1088867188
-0.1962890625
-0.1318359375
-0.0825195312
-0.1206054688
-0.4160156250
-0.2036132812
-0.3178710938
-0.0468750000
-0.1464843750
-0.0747070312
-0.1552734375
-0.1625976562
0.0927734375
-0.2446289062
-0.0854492188
-0.0317382812
-0.1787109375
0.0253906250
-0.2255859375
-0.2617187500
-0.2470703125
0.1201171875
-0.2690429688
0.0834960938
-0.0859375000
-0.3706054688
-0.2172851562
