-0.0830386877
-0.0800510570
0.0992080569
-0.0238616336
-0.0727605894
-0.1142143607
0.1071656346
0.1551137716
-0.0852975622
0.0396585464
0.1053348929
-0.0562283620
0.1161663309
-0.0424618497
-0.1553653330
0.0876995251
-0.0931345150
0.0592772737
-0.1235690415
-0.0759043172
0.0522023067
0.0408285186
-0.0389674753
0.1302145869
-0.0802948624
0.1109953523
0.1136228144
0.0412910283
-0.0583748892
-0.0843740627
-0.1544176936
-0.0203083269
0.0450851656
-0.1032783389
-0.0996864885
-0.0550791249
-0.1082999483
-0.0839179456
-0.0261047613
0.0805079937
0.0439425372
0.0554282591
0.0781336725
-0.1108829156
-0.0737647563
0.1011594608
0.0459999405
-0.0420004390
-0.1107600182
-0.0830730870
-0.0699006990
0.0343898945
-0.0288295913
-0.1545857936
-0.1383646131
0.1166668683
0.0946682543
-0.0374561138
-0.0364872031
-0.0126322247
-0.0733936876
0.0407176502
0.0599191599
-0.0465299301
-0.0881077349
0.0902420804
0.0639100671
-0.0378653780
0.1179023534
0.0346754603
-0.0934843197
-0.0251528528
0.0725908503
-0.1098961756
0.0562077947
-0.0888865814
-0.0801631957
-0.0725374147
0.1162789837
-0.0938084796
0.0908100605
-0.0678336695
-0.1064223871
0.1114347279
0.0085653253
-0.0740371644
0.0949637964
0.0557127371
0.0968693420
0.1185422242
-0.0158641823
-0.0802920386
0.0347393490
0.1356816590
-0.0968050212
-0.0724366829
0.0527124926
0.0098576890
-0.0623896718
0.0151931765
-0.0729625672
0.1025089249
0.0665774643
-0.0001826156
-0.0319360644
0.0786935240
-0.1054985598
-0.1104140282
0.0335665271
-0.0386923552
-0.1092296317
-0.0617523342
-0.0092886677
0.0695864856
-0.0383979082
0.0625329167
-0.0795472935
0.0576475225
-0.0586436875
0.1317150444
-0.0647150874
-0.1347238868
-0.0403928496
0.1089731306
-0.0254889484
0.0173951983
0.0926608369
-0.0511123091
