0.4535152614
0.4858998954
0.4943959117
0.2509655654
0.5831373334
0.2817129493
0.3534715176
0.4693256617
0.5244779587
0.2493835837
0.3753413558
0.4421370625
0.4352107644
0.2124732435
0.3542954028
0.4924627244
0.5077286959
0.5504927039
0.4075135589
0.3741808236
0.4474854767
0.3400986195
0.2626794577
0.3121659756
0.6040663719
0.4202217162
0.2921386659
0.2991785109
0.2710739076
0.1174779162
0.4736562073
0.2996659875
0.5140936971
0.3807908595
0.3303528130
0.0861493871
0.4228878915
0.2190165967
0.2412503362
0.3718768954
0.1503117234
0.3080154061
0.2743798792
0.2579230070
0.3237974942
0.3277423382
0.3055309355
0.3605880141
0.3959152699
0.0708234310
0.2941538393
0.2749497294
0.1789006591
0.3103565276
0.2280045897
0.4495870173
0.3002678454
0.3155571222
0.1953381598
0.2436264008
0.6187719107
0.2106301785
0.1609263718
0.2839280367
0.3935203254
0.5297088027
0.4667097330
0.1919948310
0.4302108586
0.3776106536
0.4968075156
0.2990796864
0.4517043233
0.2724240124
0.4173146188
0.2996672988
0.4021027088
0.5477895141
0.2792209685
0.6158788204
0.4723621011
0.4457447529
0.5548214912
0.3222104311
0.2980954349
0.2118285596
0.3367821872
0.2212888747
0.5767646432
0.6827663779
0.1617868096
0.2166478187
0.2732245624
0.2443999946
0.4648348987
0.4250004888
0.1835023314
0.2574393749
0.3525546491
0.2360799611
0.1918799877
0.5342205167
0.1405552477
0.3030861914
0.3822610974
0.2583047450
0.1802480966
0.4790362418
0.3798941672
0.2899993360
0.2620687485
0.5394848585
0.1902502030
0.3001788259
0.3659588099
0.2706009448
0.2006997019
0.1595494896
0.2927801013
0.5263320804
0.2375043035
0.4077316821
0.2469511777
0.4591761827
0.2755919397
0.5030835271
0.2500547469
0.5940698385
