-0.3489324152
-0.2053692192
-0.3100326657
0.0179592129
-0.0848505124
-0.1609840542
-0.2267016917
-0.0955230594
-0.0417390615
-0.0560500510
-0.0862276405
-0.0427124090
-0.2686978281
-0.1224411651
-0.0723292828
-0.0833159834
-0.1945056021
-0.2021041065
-0.1722447127
-0.1041713730
-0.1845631152
-0.0744229257
-0.3713987470
0.0580413155
-0.0880517811
-0.0593546294
-0.1145476401
-0.0611950457
-0.1748978347
0.0173370186
-0.2670997381
-0.2678541839
-0.1701914370
-0.1989953518
-0.2264405489
-0.0787410513
-0.2380808443
-0.0999872461
-0.1136686057
-0.3297773302
-0.0068182540
-0.2057530433
-0.0269082729
-0.0276180543
-0.0903776810
-0.2047845870
-0.2563094199
-0.0915633887
0.0056297933
-0.0316839889
-0.3755731285
0.0141180549
-0.1738313884
-0.2732521594
0.0800397322
-0.3817226291
-0.1877564937
-0.2249674648
-0.0144280484
-0.1329230368
-0.1491048932
0.1717201918
0.0792790428
-0.1774786860
-0.2359232605
-0.2064087391
-0.1726972014
0.0645839721
-0.2146449983
0.0424423218
-0.1943244636
-0.1790260971
-0.1331341267
-0.3116565943
-0.2590583563
-0.3793078363
-0.1569880247
-0.1399359554
-0.2078213394
-0.2050316334
-0.1115506217
-0.0272480138
-0.0401881933
0.0252731610
-0.0988240764
-0.1130936146
-0.1849905849
-0.2457778007
-0.2301605344
-0.1753488928
0.1231776997
-0.0156661198
-0.2053838670
-0.2058095038
-0.1716386229
-0.0982803926
-0.1425971240
-0.1861239225
-0.3521721959
0.0208581798
-0.1088347510
-0.1963406503
-0.1318127811
-0.0823518112
-0.1208260953
-0.4161108732
-0.2034768462
-0.3180660903
-0.0469776355
-0.1465244293
-0.0746764243
-0.1553060859
-0.1624822170
0.0929019377
-0.2445561290
-0.0853594318
-0.0316681564
-0.1786684245
0.0251773596
-0.2254878879
-0.2615271211
-0.2471872717
0.1203443035
-0.2692517340
0.0836052299
-0.0859749764
-0.3706863225
-0.2175262421
